-8.860015084544429209e-01 8.262870649210866947e-02 -4.562606972772176306e-01 1.651740999999999904e+00 -3.729152492359943949e-08 9.839940764402725915e-01 1.782011715181850420e-01 9.017842999999999165e+00 4.636823557312166333e-01 1.578865237881180161e-01 -8.718202329549674667e-01 -2.023499999999999854e+00
-8.966024076223801931e-01 8.218195466014091566e-02 -4.351439405231215529e-01 1.655972999999999917e+00 -1.053264919032015356e-08 9.826289986796881148e-01 1.855808474863537838e-01 9.018107999999999791e+00 4.428364513516828138e-01 1.663922392480849943e-01 -8.810275251501833438e-01 -2.028576999999999853e+00
-9.275104807081261393e-01 8.001249781672839512e-02 -3.651332748048413124e-01 1.659273999999999916e+00 -5.897082671485476268e-08 9.768219597921722341e-01 2.140534019065715721e-01 9.018250999999999351e+00 3.737971484329117300e-01 1.985367952317851348e-01 -9.060126007746884813e-01 -2.033150000000000013e+00
-9.495624031082485761e-01 7.040640788566918107e-02 -3.055718906115618139e-01 1.663388000000000089e+00 -1.535747590902802884e-08 9.744681139217892252e-01 2.245259338021127482e-01 9.018622999999999834e+00 3.135781283879462422e-01 2.132013899540707025e-01 -9.253182829266719533e-01 -2.038812000000000069e+00
-9.495624568345956140e-01 7.040633923852432363e-02 -3.055717394741810922e-01 1.669438999999999895e+00 -5.549475792093749860e-08 9.744681102324120880e-01 2.245259498144219490e-01 9.021871000000000862e+00 3.135779656963222917e-01 2.132014294865332837e-01 -9.253183289520721111e-01 -2.043668999999999958e+00
-9.495624526369389473e-01 7.040645680547384655e-02 -3.055717254299227248e-01 1.676646999999999998e+00 6.222378554077145907e-08 9.744681059811306501e-01 2.245259682654642264e-01 9.024466999999999572e+00 3.135779784074724796e-01 2.132014100930081923e-01 -9.253183291128711518e-01 -2.051622000000000057e+00
-9.559213347760520119e-01 6.759775955617561283e-02 -2.857357951376705008e-01 1.682123999999999953e+00 6.807375683981486958e-09 9.731386961153174475e-01 2.302196301860023886e-01 9.026554000000000855e+00 2.936228903201712481e-01 2.200718542339415440e-01 -9.302440417729445077e-01 -2.057751999999999803e+00
-9.831593980787751708e-01 4.626631977187679878e-02 -1.767965656457933521e-01 1.688264999999999905e+00 3.154144341543929642e-09 9.674225584069706674e-01 2.531671256014717541e-01 9.029681000000000068e+00 1.827500970434239591e-01 2.489036382620347099e-01 -9.511305803571565853e-01 -2.064471999999999863e+00
-9.882417729748991242e-01 3.970220236831702165e-02 -1.476547773508609662e-01 1.694862000000000091e+00 1.007501008488953520e-07 9.656996221357293519e-01 2.596617796420939706e-01 9.034236999999999185e+00 1.528993072169294587e-01 2.566086026110869223e-01 -9.543447107406041185e-01 -2.071396000000000015e+00
-9.882817616006226435e-01 3.963482709011602323e-02 -1.474050208409018459e-01 1.701321000000000083e+00 -1.353036566016652120e-07 9.656995860330305215e-01 2.596619139104062168e-01 9.038133999999999446e+00 1.526406226649766884e-01 2.566191536444037413e-01 -9.543832826989784301e-01 -2.079254999999999853e+00
-9.882817513518428187e-01 3.963489402903673520e-02 -1.474050715553620328e-01 1.706641999999999992e+00 -8.382938307058274141e-08 9.656995850069344245e-01 2.596619177265464540e-01 9.040972999999999260e+00 1.526406890213987122e-01 2.566191471670457025e-01 -9.543832738278321681e-01 -2.085532000000000163e+00
-9.882817592089133685e-01 3.963494565993454233e-02 -1.474050049946387109e-01 1.711394000000000082e+00 -1.668616109520848489e-08 9.656995836684854062e-01 2.596619227043382439e-01 9.043348999999999194e+00 1.526406381503142007e-01 2.566191442294359359e-01 -9.543832827538508701e-01 -2.093039999999999790e+00
-9.882817585079182177e-01 3.963494238045218304e-02 -1.474050105762813034e-01 1.716374999999999984e+00 -1.729280554862988595e-08 9.656995905015917092e-01 2.596618972915698542e-01 9.045206000000000301e+00 1.526406426889478918e-01 2.566191190218615192e-01 -9.543832888058902952e-01 -2.099870000000000125e+00
-9.882817589028920491e-01 3.963493151786366686e-02 -1.474050108489502464e-01 1.721654000000000018e+00 -1.509027781204652641e-09 9.656996350025455200e-01 2.596617317895542065e-01 9.048225000000000406e+00 1.526406401316663941e-01 2.566189532351900171e-01 -9.543833337923863791e-01 -2.108190000000000008e+00
-9.882817622265542834e-01 3.963494310859745628e-02 -1.474049854487746170e-01 1.726518999999999915e+00 -1.407466957217828885e-08 9.656995836164272706e-01 2.596619228979461513e-01 9.051548000000000371e+00 1.526406186123962505e-01 2.566191448193944624e-01 -9.543832857200436059e-01 -2.116693999999999853e+00
-9.879193884139048087e-01 4.040921410365480582e-02 -1.496074109508666317e-01 1.732232999999999912e+00 1.460058357896643066e-08 9.654043977848262292e-01 2.607572601821794844e-01 9.054823999999999984e+00 1.549686484289524990e-01 2.576071508193086279e-01 -9.537417228216776843e-01 -2.124337999999999838e+00
-9.872059987772555667e-01 4.171217016254231968e-02 -1.538974036120604738e-01 1.735632000000000064e+00 1.074914663980186535e-07 9.651764852881616896e-01 2.615996029178550009e-01 9.058211999999999264e+00 1.594500422646252524e-01 2.582526807355968179e-01 -9.528280206389231344e-01 -2.130344000000000015e+00
-9.837757196070801013e-01 4.736970401460739721e-02 -1.730359634675434355e-01 1.740563000000000082e+00 -2.601218993675269431e-08 9.645113699932776896e-01 2.640413171336824516e-01 9.061489999999999156e+00 1.794027132224366994e-01 2.597574412702339797e-01 -9.488628658521577330e-01 -2.138100000000000112e+00
-9.836658916201919123e-01 4.754358488466824822e-02 -1.736116966087467295e-01 1.743359000000000103e+00 -4.279402814055810467e-08 9.644883229923184587e-01 2.641254906506814160e-01 9.064149999999999707e+00 1.800039267989766711e-01 2.598112436900669731e-01 -9.487342641589211478e-01 -2.144679000000000002e+00
-9.815105182659984440e-01 4.984646656693119543e-02 -1.848037670178894476e-01 1.747106999999999966e+00 -1.381989546134221314e-07 9.654953280538126625e-01 2.604203745989194241e-01 9.067567000000000377e+00 1.914082091583102774e-01 2.556053623792983176e-01 -9.476438129327683368e-01 -2.152588999999999864e+00
-9.785270731415995904e-01 5.286073491356786669e-02 -1.992247721377338465e-01 1.749343000000000092e+00 7.216121419156840133e-09 9.665553335918091182e-01 2.564581585858140000e-01 9.071735000000000326e+00 2.061183328307659435e-01 2.509512498666306435e-01 -9.458005619904448213e-01 -2.160781000000000063e+00
-9.779111708630647826e-01 5.337583677933342707e-02 -2.020909744380853246e-01 1.751576999999999940e+00 -1.280709299375515364e-08 9.668457032974198118e-01 2.553612852711183989e-01 9.075578999999999397e+00 2.090209125930435063e-01 2.497206560607744819e-01 -9.454892130719139143e-01 -2.167961000000000027e+00
-9.763527831616376496e-01 5.500421884842032760e-02 -2.090688372794926031e-01 1.753068000000000071e+00 2.968010040863000576e-08 9.670903896602363048e-01 2.544330525439088553e-01 9.079164000000000456e+00 2.161833546148338447e-01 2.484164127743725692e-01 -9.442213951461750909e-01 -2.173837999999999937e+00
-9.753423872648814275e-01 5.602231119490688749e-02 -2.134683307959822085e-01 1.753495000000000026e+00 4.078195929568817490e-08 9.672456149288453098e-01 2.538423140473594075e-01 9.082371000000000194e+00 2.206971400005904305e-01 2.475831598661364930e-01 -9.433956494208879384e-01 -2.180687999999999960e+00
-9.739760180423530089e-01 5.736150142875169611e-02 -2.192723749864547156e-01 1.753238000000000074e+00 8.503860486619441161e-08 9.674447037988987974e-01 2.530824867339769302e-01 9.085848000000000368e+00 2.266510892944348099e-01 2.464962540187987661e-01 -9.422679451601572165e-01 -2.187698999999999838e+00
-9.719610653844253934e-01 5.927208176714515719e-02 -2.275489127633059661e-01 1.753195999999999977e+00 6.512089935697962240e-08 9.677092075990464393e-01 2.520692157484157869e-01 9.090642000000000778e+00 2.351418452270236381e-01 2.450014486712568385e-01 -9.405756762601384935e-01 -2.194821000000000133e+00
-9.694454167749042561e-01 6.185518358708953779e-02 -2.373805387085037577e-01 1.754972999999999894e+00 7.382066075437010433e-08 9.676871801859643352e-01 2.521537651984034900e-01 9.094428999999999874e+00 2.453071215723802434e-01 2.444492944705394244e-01 -9.381199062693046375e-01 -2.203073999999999977e+00
-9.648104001883235359e-01 6.596989965245443621e-02 -2.545365671731505408e-01 1.755743000000000054e+00 2.041220262261056462e-08 9.680163729607789147e-01 2.508870297162800189e-01 9.098969000000000307e+00 2.629465567153261851e-01 2.420584103469719806e-01 -9.339522655317296085e-01 -2.210907000000000178e+00
-9.637936352421736519e-01 6.656090628800072351e-02 -2.582081997551491370e-01 1.755656000000000105e+00 -3.920892305275813783e-09 9.683439486930708329e-01 2.496197048101597982e-01 9.104058999999999457e+00 2.666492615153377987e-01 2.405818837394688436e-01 -9.332837342146774740e-01 -2.218189999999999884e+00
-9.637936352421736519e-01 6.656090628800072351e-02 -2.582081997551491370e-01 1.756447000000000092e+00 -3.920892305275813783e-09 9.683439486930708329e-01 2.496197048101597982e-01 9.109026999999999319e+00 2.666492615153377987e-01 2.405818837394688436e-01 -9.332837342146774740e-01 -2.225060000000000038e+00
-9.637936352421736519e-01 6.656090628800072351e-02 -2.582081997551491370e-01 1.758642000000000039e+00 -3.920892305275813783e-09 9.683439486930708329e-01 2.496197048101597982e-01 9.111287000000000802e+00 2.666492615153377987e-01 2.405818837394688436e-01 -9.332837342146774740e-01 -2.232820999999999945e+00
-9.630217239165399512e-01 6.766318259062914509e-02 -2.607889050295689182e-01 1.760640999999999901e+00 7.865450734473311556e-08 9.679507471006116859e-01 2.511401027063608349e-01 9.116481999999999530e+00 2.694237540841715739e-01 2.418533541406338028e-01 -9.321576024611482048e-01 -2.240026999999999990e+00
-9.583226849199584230e-01 7.317056628406062857e-02 -2.761588307432361611e-01 1.761069999999999913e+00 -3.661885973615941481e-08 9.666448179840275712e-01 2.561206666097544105e-01 9.119401999999999120e+00 2.856879968913642043e-01 2.454462550015709399e-01 -9.263576546549950885e-01 -2.246599999999999930e+00
-9.547609041277510533e-01 7.691617296945951754e-02 -2.872551449232759180e-01 1.760777000000000037e+00 1.143593518285190846e-07 9.659709769918815025e-01 2.586504815563597237e-01 9.122263000000000233e+00 2.973745381655043540e-01 2.469493347735159106e-01 -9.222713321500195516e-01 -2.253446999999999978e+00
-9.493158846785956229e-01 8.159138798722767594e-02 -3.035493312514667141e-01 1.761686000000000085e+00 3.503766322215939866e-08 9.657222702648466939e-01 2.595775350728743991e-01 9.126269999999999882e+00 3.143236406904414415e-01 2.464210667147357370e-01 -9.167754942090662329e-01 -2.260822000000000109e+00
-9.457457857395911160e-01 8.483148363500520039e-02 -3.136375745029405526e-01 1.762048999999999976e+00 3.138915606604175679e-09 9.653133210023921995e-01 2.610942211067346919e-01 9.129775000000000418e+00 3.249075387795791747e-01 2.469287583081734294e-01 -9.129410055225803955e-01 -2.266961999999999922e+00
-9.388242746004555883e-01 9.006487327326223591e-02 -3.324113415983271924e-01 1.762110000000000065e+00 -1.361718877448958587e-07 9.651993067064035259e-01 2.615153883301314930e-01 9.132623999999999853e+00 3.443965467610121678e-01 2.455170400109720208e-01 -9.061525266991981020e-01 -2.275481999999999783e+00
-9.335806504526669158e-01 9.423177917271646775e-02 -3.457564762868782782e-01 1.760863000000000067e+00 1.386596273911244737e-07 9.648102562129341475e-01 2.629470849929944065e-01 9.137734000000000023e+00 3.583673661207937289e-01 2.454822626999283997e-01 -9.007281996248186484e-01 -2.283446999999999782e+00
-9.295194586880503040e-01 9.675043412242834151e-02 -3.558552085011477129e-01 1.760580999999999952e+00 -1.708448008064245016e-09 9.649707059761258865e-01 2.623576501799351202e-01 9.142654000000000281e+00 3.687730683228829243e-01 2.438665415858823349e-01 -8.969590481034611651e-01 -2.289514000000000049e+00
-9.295194586880503040e-01 9.675043412242834151e-02 -3.558552085011477129e-01 1.759406999999999943e+00 -1.708448008064245016e-09 9.649707059761258865e-01 2.623576501799351202e-01 9.147031000000000134e+00 3.687730683228829243e-01 2.438665415858823349e-01 -8.969590481034611651e-01 -2.297747999999999902e+00
-9.295194586880503040e-01 9.675043412242834151e-02 -3.558552085011477129e-01 1.758632999999999891e+00 -1.708448008064245016e-09 9.649707059761258865e-01 2.623576501799351202e-01 9.151108999999999938e+00 3.687730683228829243e-01 2.438665415858823349e-01 -8.969590481034611651e-01 -2.305505000000000138e+00
-9.295194586880503040e-01 9.675043412242834151e-02 -3.558552085011477129e-01 1.755891000000000091e+00 -1.708448008064245016e-09 9.649707059761258865e-01 2.623576501799351202e-01 9.153451000000000448e+00 3.687730683228829243e-01 2.438665415858823349e-01 -8.969590481034611651e-01 -2.312273999999999941e+00
-9.269223771012189417e-01 9.854536437378577651e-02 -3.620824740158840038e-01 1.756677000000000044e+00 7.884537465974172932e-08 9.649020097710039323e-01 2.626101893298717904e-01 9.158637000000000583e+00 3.752531236765649370e-01 2.434192323961176241e-01 -8.943892723365287623e-01 -2.319269999999999943e+00
-9.242133303196837790e-01 1.006062960233416181e-01 -3.683857940527325847e-01 1.755443000000000087e+00 7.578821240028510431e-08 9.646724483665617411e-01 2.634522107754223574e-01 9.161637999999999948e+00 3.818765769975854263e-01 2.434860171815356189e-01 -8.915631437972745266e-01 -2.325401999999999969e+00
-9.207775868505898575e-01 1.028680697095984420e-01 -3.762802091365227142e-01 1.753622000000000014e+00 4.327537222320598786e-08 9.646034605434492537e-01 2.637046907197527768e-01 9.165278000000000702e+00 3.900879843748102926e-01 2.428133524784490405e-01 -8.881852511185792665e-01 -2.333499000000000212e+00
-9.144309019544597517e-01 1.069367442790568890e-01 -3.903596524664780798e-01 1.750955000000000039e+00 -5.790194293475714460e-08 9.644652445909970284e-01 2.642097499639726177e-01 9.166779999999999262e+00 4.047420481624692812e-01 2.416015825673000217e-01 -8.819368173232287056e-01 -2.340808000000000000e+00
-9.081801204269567274e-01 1.105575969339078896e-01 -4.037151057633064366e-01 1.747811999999999921e+00 1.336383864680712463e-09 9.644882853501665076e-01 2.641256281058237398e-01 9.169819000000000386e+00 4.185795848596514657e-01 2.398736442014742787e-01 -8.759290872874505585e-01 -2.346919999999999895e+00
-8.981046409598857361e-01 1.160095250579587234e-01 -4.242049551598155999e-01 1.745241000000000042e+00 -6.365403875524533461e-08 9.645804252276896085e-01 2.637889369696262976e-01 9.174056999999999462e+00 4.397818253251380982e-01 2.369100955286548849e-01 -8.662941490915732068e-01 -2.354007999999999878e+00
-8.909672709626933473e-01 1.195484810680398080e-01 -4.380473521750996579e-01 1.742726999999999915e+00 -1.493577106645438413e-07 9.647184348310429147e-01 2.632837661101051774e-01 9.177357000000000653e+00 4.540675303005809460e-01 2.345772840056500608e-01 -8.595325332733277923e-01 -2.360637999999999792e+00
-8.836027006455526855e-01 1.221751464985085245e-01 -4.520171467875448990e-01 1.741260999999999948e+00 -3.520196778517004077e-08 9.653588839228235408e-01 2.609257082605683231e-01 9.180531999999999471e+00 4.682374049687655360e-01 2.305546763987849357e-01 -8.529937126255779933e-01 -2.366359000000000101e+00
-8.704421179754636695e-01 1.262053312296169683e-01 -4.758179626954116004e-01 1.739457999999999949e+00 -3.685129813801868437e-08 9.665776953695746077e-01 2.563738653100986475e-01 9.183251999999999526e+00 4.922707783876553722e-01 2.231586278485880592e-01 -8.413499316945046713e-01 -2.371992999999999796e+00
-8.704421179754636695e-01 1.262053312296169683e-01 -4.758179626954116004e-01 1.735783000000000076e+00 -3.685129813801868437e-08 9.665776953695746077e-01 2.563738653100986475e-01 9.186127000000000820e+00 4.922707783876553722e-01 2.231586278485880592e-01 -8.413499316945046713e-01 -2.379614999999999814e+00
-8.704421179754636695e-01 1.262053312296169683e-01 -4.758179626954116004e-01 1.734048999999999952e+00 -3.685129813801868437e-08 9.665776953695746077e-01 2.563738653100986475e-01 9.189553000000000083e+00 4.922707783876553722e-01 2.231586278485880592e-01 -8.413499316945046713e-01 -2.385574000000000083e+00
-8.704421179754636695e-01 1.262053312296169683e-01 -4.758179626954116004e-01 1.732277000000000067e+00 -3.685129813801868437e-08 9.665776953695746077e-01 2.563738653100986475e-01 9.192928000000000210e+00 4.922707783876553722e-01 2.231586278485880592e-01 -8.413499316945046713e-01 -2.392269999999999897e+00
-8.702701751917937267e-01 1.264078231588784407e-01 -4.760786536024040339e-01 1.729562999999999962e+00 -1.359594635763627934e-07 9.665105331275789524e-01 2.566269458833672079e-01 9.197224999999999540e+00 4.925746868969472225e-01 2.233348418802514057e-01 -8.411252738033122567e-01 -2.399121000000000059e+00
-8.672015854154269121e-01 1.284610127250092049e-01 -4.811020457892845603e-01 1.725494000000000083e+00 -6.828008923542849828e-08 9.661512965473395553e-01 2.579761077694795457e-01 9.202025000000000787e+00 4.979572373738181956e-01 2.237173225066843296e-01 -8.378479273456936882e-01 -2.406054000000000137e+00
-8.605647096232613702e-01 1.324709912588369343e-01 -4.918127865620554040e-01 1.722968000000000055e+00 -1.303584869077889508e-07 9.655861941152622530e-01 2.600832592343965133e-01 9.204067000000000220e+00 5.093411239542864344e-01 2.238185385728904131e-01 -8.309493854863126971e-01 -2.413740999999999914e+00
-8.551386552734311364e-01 1.364861183571011716e-01 -5.001094077828964757e-01 1.720334000000000030e+00 -7.839044313673326769e-08 9.647184078301287435e-01 2.632838650462562824e-01 9.208118999999999943e+00 5.183993443834029602e-01 2.251442495146452061e-01 -8.249679912901745071e-01 -2.419401999999999830e+00
-8.515902271132150814e-01 1.392508867066503675e-01 -5.053743915521184960e-01 1.716701999999999950e+00 8.781624651066355369e-08 9.640721970058014900e-01 2.656403564227379777e-01 9.211294000000000537e+00 5.242080551510579500e-01 2.262166870763927251e-01 -8.209944734301969360e-01 -2.425015999999999838e+00
-8.444220614604448505e-01 1.443697307540237340e-01 -5.158573087210288621e-01 1.713117000000000001e+00 -3.219986227653848232e-08 9.629980804315029230e-01 2.695082504956750613e-01 9.215118000000000364e+00 5.356784316349606501e-01 2.275787290746902891e-01 -8.131768196117354908e-01 -2.430467000000000155e+00
-8.395255204679249461e-01 1.478442283596503870e-01 -5.228183093808016491e-01 1.709519999999999929e+00 9.919636634325712521e-08 9.622654895596333136e-01 2.721123437158803338e-01 9.218870000000000786e+00 5.433202559108671892e-01 2.284452051221447233e-01 -8.078464506164839687e-01 -2.437546000000000213e+00
-8.374330444454437528e-01 1.491791133591818530e-01 -5.257865424373321384e-01 1.704444000000000070e+00 -4.246951129660558877e-08 9.620276634893432099e-01 2.729519640545441939e-01 9.222682999999999964e+00 5.465399309024311369e-01 2.285790165754577052e-01 -8.056337487410535347e-01 -2.444103000000000137e+00
-8.374330444454437528e-01 1.491791133591818530e-01 -5.257865424373321384e-01 1.700903999999999971e+00 -4.246951129660558877e-08 9.620276634893432099e-01 2.729519640545441939e-01 9.226082999999999146e+00 5.465399309024311369e-01 2.285790165754577052e-01 -8.056337487410535347e-01 -2.451388000000000122e+00
-8.374330444454437528e-01 1.491791133591818530e-01 -5.257865424373321384e-01 1.697079000000000004e+00 -4.246951129660558877e-08 9.620276634893432099e-01 2.729519640545441939e-01 9.228714000000000084e+00 5.465399309024311369e-01 2.285790165754577052e-01 -8.056337487410535347e-01 -2.457303000000000015e+00
-8.374330444454437528e-01 1.491791133591818530e-01 -5.257865424373321384e-01 1.693869999999999987e+00 -4.246951129660558877e-08 9.620276634893432099e-01 2.729519640545441939e-01 9.232943999999999818e+00 5.465399309024311369e-01 2.285790165754577052e-01 -8.056337487410535347e-01 -2.463877999999999791e+00
-8.374330444454437528e-01 1.491791133591818530e-01 -5.257865424373321384e-01 1.689912999999999998e+00 -4.246951129660558877e-08 9.620276634893432099e-01 2.729519640545441939e-01 9.235874000000000805e+00 5.465399309024311369e-01 2.285790165754577052e-01 -8.056337487410535347e-01 -2.471086000000000116e+00
-8.374330444454437528e-01 1.491791133591818530e-01 -5.257865424373321384e-01 1.685237000000000096e+00 -4.246951129660558877e-08 9.620276634893432099e-01 2.729519640545441939e-01 9.240861999999999910e+00 5.465399309024311369e-01 2.285790165754577052e-01 -8.056337487410535347e-01 -2.477545000000000108e+00
-8.374330444454437528e-01 1.491791133591818530e-01 -5.257865424373321384e-01 1.682222000000000106e+00 -4.246951129660558877e-08 9.620276634893432099e-01 2.729519640545441939e-01 9.243804000000000798e+00 5.465399309024311369e-01 2.285790165754577052e-01 -8.056337487410535347e-01 -2.485117999999999938e+00
-8.374330444454437528e-01 1.491791133591818530e-01 -5.257865424373321384e-01 1.679645000000000055e+00 -4.246951129660558877e-08 9.620276634893432099e-01 2.729519640545441939e-01 9.247144000000000474e+00 5.465399309024311369e-01 2.285790165754577052e-01 -8.056337487410535347e-01 -2.492278999999999911e+00
-8.374330444454437528e-01 1.491791133591818530e-01 -5.257865424373321384e-01 1.674099000000000004e+00 -4.246951129660558877e-08 9.620276634893432099e-01 2.729519640545441939e-01 9.251654999999999518e+00 5.465399309024311369e-01 2.285790165754577052e-01 -8.056337487410535347e-01 -2.499957000000000207e+00
-8.374330444454437528e-01 1.491791133591818530e-01 -5.257865424373321384e-01 1.669745000000000035e+00 -4.246951129660558877e-08 9.620276634893432099e-01 2.729519640545441939e-01 9.255245000000000388e+00 5.465399309024311369e-01 2.285790165754577052e-01 -8.056337487410535347e-01 -2.506998999999999977e+00
-8.374330444454437528e-01 1.491791133591818530e-01 -5.257865424373321384e-01 1.665257999999999905e+00 -4.246951129660558877e-08 9.620276634893432099e-01 2.729519640545441939e-01 9.259038999999999575e+00 5.465399309024311369e-01 2.285790165754577052e-01 -8.056337487410535347e-01 -2.514327000000000201e+00
-8.374330444454437528e-01 1.491791133591818530e-01 -5.257865424373321384e-01 1.662317000000000045e+00 -4.246951129660558877e-08 9.620276634893432099e-01 2.729519640545441939e-01 9.261723999999999180e+00 5.465399309024311369e-01 2.285790165754577052e-01 -8.056337487410535347e-01 -2.519803000000000015e+00
-8.374330444454437528e-01 1.491791133591818530e-01 -5.257865424373321384e-01 1.658506000000000036e+00 -4.246951129660558877e-08 9.620276634893432099e-01 2.729519640545441939e-01 9.266154000000000224e+00 5.465399309024311369e-01 2.285790165754577052e-01 -8.056337487410535347e-01 -2.526142999999999805e+00
-8.374330444454437528e-01 1.491791133591818530e-01 -5.257865424373321384e-01 1.654470000000000107e+00 -4.246951129660558877e-08 9.620276634893432099e-01 2.729519640545441939e-01 9.269527000000000072e+00 5.465399309024311369e-01 2.285790165754577052e-01 -8.056337487410535347e-01 -2.532240999999999964e+00
-8.370036946216645735e-01 1.505984769034004744e-01 -5.260655034727697021e-01 1.650989999999999958e+00 -5.234038988333189479e-08 9.613818504826519007e-01 2.752179819026168706e-01 9.273595000000000255e+00 5.471972360947010561e-01 2.303584952132823882e-01 -8.046801529138094544e-01 -2.539865999999999957e+00
-8.370036883648763748e-01 1.506444635135114618e-01 -5.260523465172639579e-01 1.645717000000000096e+00 5.827886910558799372e-08 9.613578359790198036e-01 2.753018547008584394e-01 9.278107000000000326e+00 5.471972456652078876e-01 2.304286371405739331e-01 -8.046600633323044427e-01 -2.546343999999999941e+00
-8.317609880430004710e-01 1.532019530076176583e-01 -5.335755057762526787e-01 1.642047999999999952e+00 -3.036015799873226229e-09 9.611653960043602396e-01 2.759729724516176708e-01 9.281200000000000117e+00 5.551339106645639676e-01 2.295435538594648717e-01 -7.994598789882049195e-01 -2.551089999999999858e+00
-8.264429761946734398e-01 1.543863810660200675e-01 -5.414396110738741719e-01 1.636911000000000005e+00 -4.242337253712591405e-08 9.616695424780358215e-01 2.742110338226443345e-01 9.285168999999999784e+00 5.630204322211482815e-01 2.266198058674987470e-01 -7.947650322517268995e-01 -2.557640000000000136e+00
-8.193027597381817850e-01 1.555851966287059018e-01 -5.518480175513956754e-01 1.633791999999999911e+00 -7.356464851171473640e-08 9.624789163958590299e-01 2.713564731003251240e-01 9.287698999999999927e+00 5.733611321718564691e-01 2.223231478804216232e-01 -7.885616209473718108e-01 -2.565418000000000198e+00
-8.123386943814183692e-01 1.568303559217522902e-01 -5.617028441018868667e-01 1.630606999999999918e+00 1.523881087983625093e-08 9.631625263538678983e-01 2.689199654686029173e-01 9.291137000000000867e+00 5.831859442842325381e-01 2.184540850821776736e-01 -7.824141915253175483e-01 -2.572436000000000167e+00
-8.079904303944264177e-01 1.582482895475952889e-01 -5.675464238688229246e-01 1.626735999999999960e+00 8.093084925830940080e-08 9.632564021249393482e-01 2.685835135768955828e-01 9.294624999999999915e+00 5.891956079189851758e-01 2.170128627998291204e-01 -7.783019677402849279e-01 -2.579505999999999855e+00
-7.971632454255479505e-01 1.596220307651209647e-01 -5.822813473201985390e-01 1.623831000000000024e+00 1.157297543352697744e-07 9.644191066007539170e-01 2.643781133592382204e-01 9.299894999999999357e+00 6.037638281170821797e-01 2.107524474776565626e-01 -7.687994834412827938e-01 -2.586002999999999830e+00
-7.883335881598431127e-01 1.606894722181326229e-01 -5.938931278414368853e-01 1.618162000000000100e+00 -9.691550033330553759e-08 9.652905281750071564e-01 2.611784757892699482e-01 9.303419999999999135e+00 6.152480424828817851e-01 2.058958225265234421e-01 -7.609709301196130316e-01 -2.593649000000000093e+00
-7.883335881598431127e-01 1.606894722181326229e-01 -5.938931278414368853e-01 1.612854000000000010e+00 -9.691550033330553759e-08 9.652905281750071564e-01 2.611784757892699482e-01 9.306207999999999814e+00 6.152480424828817851e-01 2.058958225265234421e-01 -7.609709301196130316e-01 -2.599737999999999882e+00
-7.883335881598431127e-01 1.606894722181326229e-01 -5.938931278414368853e-01 1.607100999999999891e+00 -9.691550033330553759e-08 9.652905281750071564e-01 2.611784757892699482e-01 9.309772000000000602e+00 6.152480424828817851e-01 2.058958225265234421e-01 -7.609709301196130316e-01 -2.606929000000000052e+00
-7.883335881598431127e-01 1.606894722181326229e-01 -5.938931278414368853e-01 1.600444999999999895e+00 -9.691550033330553759e-08 9.652905281750071564e-01 2.611784757892699482e-01 9.314576000000000633e+00 6.152480424828817851e-01 2.058958225265234421e-01 -7.609709301196130316e-01 -2.612162000000000095e+00
-7.883335881598431127e-01 1.606894722181326229e-01 -5.938931278414368853e-01 1.596246999999999971e+00 -9.691550033330553759e-08 9.652905281750071564e-01 2.611784757892699482e-01 9.317493000000000691e+00 6.152480424828817851e-01 2.058958225265234421e-01 -7.609709301196130316e-01 -2.617795000000000094e+00
-7.883335881598431127e-01 1.606894722181326229e-01 -5.938931278414368853e-01 1.592414999999999914e+00 -9.691550033330553759e-08 9.652905281750071564e-01 2.611784757892699482e-01 9.321061999999999514e+00 6.152480424828817851e-01 2.058958225265234421e-01 -7.609709301196130316e-01 -2.626434000000000157e+00
-7.883335881598431127e-01 1.606894722181326229e-01 -5.938931278414368853e-01 1.587023999999999990e+00 -9.691550033330553759e-08 9.652905281750071564e-01 2.611784757892699482e-01 9.324166999999999206e+00 6.152480424828817851e-01 2.058958225265234421e-01 -7.609709301196130316e-01 -2.634329000000000143e+00
-7.883335881598431127e-01 1.606894722181326229e-01 -5.938931278414368853e-01 1.581148999999999916e+00 -9.691550033330553759e-08 9.652905281750071564e-01 2.611784757892699482e-01 9.328139999999999432e+00 6.152480424828817851e-01 2.058958225265234421e-01 -7.609709301196130316e-01 -2.640632000000000090e+00
-7.883335881598431127e-01 1.606894722181326229e-01 -5.938931278414368853e-01 1.576472000000000095e+00 -9.691550033330553759e-08 9.652905281750071564e-01 2.611784757892699482e-01 9.330795999999999424e+00 6.152480424828817851e-01 2.058958225265234421e-01 -7.609709301196130316e-01 -2.646192000000000100e+00
-7.883335881598431127e-01 1.606894722181326229e-01 -5.938931278414368853e-01 1.572624999999999940e+00 -9.691550033330553759e-08 9.652905281750071564e-01 2.611784757892699482e-01 9.333482000000000056e+00 6.152480424828817851e-01 2.058958225265234421e-01 -7.609709301196130316e-01 -2.652858000000000160e+00
-7.883335881598431127e-01 1.606894722181326229e-01 -5.938931278414368853e-01 1.566600999999999910e+00 -9.691550033330553759e-08 9.652905281750071564e-01 2.611784757892699482e-01 9.337030999999999636e+00 6.152480424828817851e-01 2.058958225265234421e-01 -7.609709301196130316e-01 -2.659838000000000147e+00
-7.883335881598431127e-01 1.606894722181326229e-01 -5.938931278414368853e-01 1.561101999999999990e+00 -9.691550033330553759e-08 9.652905281750071564e-01 2.611784757892699482e-01 9.339022999999999186e+00 6.152480424828817851e-01 2.058958225265234421e-01 -7.609709301196130316e-01 -2.666903000000000024e+00
-7.847769359112823917e-01 1.623426294850229268e-01 -5.981388062261032701e-01 1.556024000000000074e+00 -1.118830141033644310e-07 9.650850439276740245e-01 2.619367442477418817e-01 9.341601999999999961e+00 6.197783159014897958e-01 2.055619824748925462e-01 -7.573764655039826321e-01 -2.673799999999999955e+00
-7.818475902594776983e-01 1.629418866977078717e-01 -6.018008700266551658e-01 1.550758999999999999e+00 5.468421286625169131e-08 9.652449429862082209e-01 2.613468959822339843e-01 9.343972000000000833e+00 6.234696027918641414e-01 2.043334079364971245e-01 -7.546744415942626683e-01 -2.680963000000000207e+00
-7.734536888269407662e-01 1.657622949049152028e-01 -6.117942896332509983e-01 1.546637999999999957e+00 -2.758089412413511354e-08 9.651992851609395574e-01 2.615154678500119512e-01 9.347149999999999181e+00 6.338528151235091057e-01 2.022701201677284399e-01 -7.465369429889826547e-01 -2.688886000000000109e+00
-7.680045254705329949e-01 1.687264940866203267e-01 -6.178190827823453191e-01 1.540480000000000071e+00 8.693212666388561161e-08 9.646724770907572077e-01 2.634521055971557058e-01 9.349674000000000262e+00 6.404444151187307366e-01 2.023323556350296315e-01 -7.408728426703236059e-01 -2.696171000000000095e+00
-7.605199330022004434e-01 1.722109613897368774e-01 -6.260613518526371157e-01 1.534410000000000052e+00 -6.312865591384664299e-09 9.641880286409746370e-01 2.652196173465137807e-01 9.351682000000000272e+00 6.493145859337589032e-01 2.017048095674810193e-01 -7.332842138564130696e-01 -2.702749999999999986e+00
-7.568815706834115531e-01 1.734998090880879307e-01 -6.301016618024500859e-01 1.528483999999999954e+00 -2.616825044154946767e-08 9.641185460165814236e-01 2.654720874722470980e-01 9.354758000000000351e+00 6.535520545142609050e-01 2.009309470272564735e-01 -7.297235548938506566e-01 -2.710186000000000206e+00
-7.568815706834115531e-01 1.734998090880879307e-01 -6.301016618024500859e-01 1.523724999999999996e+00 -2.616825044154946767e-08 9.641185460165814236e-01 2.654720874722470980e-01 9.356832999999999956e+00 6.535520545142609050e-01 2.009309470272564735e-01 -7.297235548938506566e-01 -2.714452000000000087e+00
-7.568815706834115531e-01 1.734998090880879307e-01 -6.301016618024500859e-01 1.518240000000000034e+00 -2.616825044154946767e-08 9.641185460165814236e-01 2.654720874722470980e-01 9.358815999999999136e+00 6.535520545142609050e-01 2.009309470272564735e-01 -7.297235548938506566e-01 -2.722557999999999812e+00
-7.568815706834115531e-01 1.734998090880879307e-01 -6.301016618024500859e-01 1.511729000000000100e+00 -2.616825044154946767e-08 9.641185460165814236e-01 2.654720874722470980e-01 9.361138000000000403e+00 6.535520545142609050e-01 2.009309470272564735e-01 -7.297235548938506566e-01 -2.730415999999999954e+00
-7.568815706834115531e-01 1.734998090880879307e-01 -6.301016618024500859e-01 1.506283999999999956e+00 -2.616825044154946767e-08 9.641185460165814236e-01 2.654720874722470980e-01 9.362999000000000294e+00 6.535520545142609050e-01 2.009309470272564735e-01 -7.297235548938506566e-01 -2.738007000000000080e+00
-7.568815706834115531e-01 1.734998090880879307e-01 -6.301016618024500859e-01 1.501611999999999947e+00 -2.616825044154946767e-08 9.641185460165814236e-01 2.654720874722470980e-01 9.366296999999999429e+00 6.535520545142609050e-01 2.009309470272564735e-01 -7.297235548938506566e-01 -2.745846999999999927e+00
-7.568815706834115531e-01 1.734998090880879307e-01 -6.301016618024500859e-01 1.496504999999999974e+00 -2.616825044154946767e-08 9.641185460165814236e-01 2.654720874722470980e-01 9.368574000000000623e+00 6.535520545142609050e-01 2.009309470272564735e-01 -7.297235548938506566e-01 -2.752196999999999782e+00
-7.568815706834115531e-01 1.734998090880879307e-01 -6.301016618024500859e-01 1.492089999999999916e+00 -2.616825044154946767e-08 9.641185460165814236e-01 2.654720874722470980e-01 9.370720000000000383e+00 6.535520545142609050e-01 2.009309470272564735e-01 -7.297235548938506566e-01 -2.757660000000000000e+00
-7.568815706834115531e-01 1.734998090880879307e-01 -6.301016618024500859e-01 1.489017999999999953e+00 -2.616825044154946767e-08 9.641185460165814236e-01 2.654720874722470980e-01 9.373853000000000435e+00 6.535520545142609050e-01 2.009309470272564735e-01 -7.297235548938506566e-01 -2.763787999999999911e+00
-7.523006068639055410e-01 1.725690016276717198e-01 -6.358173767595752812e-01 1.482858999999999927e+00 -6.917845471465788876e-08 9.650850912581918628e-01 2.619365698621761718e-01 9.375849000000000544e+00 6.588200034244514613e-01 1.970550844520285727e-01 -7.260340878907884932e-01 -2.771748999999999796e+00
-7.411567628103172822e-01 1.696190448315087473e-01 -6.495506389581779949e-01 1.478051999999999921e+00 5.272714924398069769e-08 9.675550245732553734e-01 2.526603934593713019e-01 9.379718999999999696e+00 6.713319990440853591e-01 1.872609250577752793e-01 -7.171099587970997113e-01 -2.778627000000000180e+00
-7.325435276650500427e-01 1.705537828468692840e-01 -6.590078810095271189e-01 1.472599999999999909e+00 -2.956371773776833578e-08 9.681039039674768087e-01 2.505490593135995536e-01 9.381876000000000104e+00 6.807201922053166543e-01 1.835381112454670671e-01 -7.091782439164384666e-01 -2.784297000000000022e+00
-7.275340432592217743e-01 1.711411042583657616e-01 -6.643831261645020136e-01 1.466981000000000090e+00 8.581569430066160464e-08 9.683874962590651725e-01 2.494507107408027169e-01 9.385967000000000837e+00 6.860715821974278095e-01 1.814838271646434520e-01 -7.045348852816248897e-01 -2.791796999999999862e+00
-7.274143614930541624e-01 1.711726559036789719e-01 -6.645060335049889355e-01 1.460496999999999934e+00 -1.003137198446468759e-07 9.683874852446563430e-01 2.494507534996046605e-01 9.387086999999999293e+00 6.861984747094987958e-01 1.814541272399481930e-01 -7.044189470861401681e-01 -2.796952000000000105e+00
-7.274143614930541624e-01 1.711726559036789719e-01 -6.645060335049889355e-01 1.455864000000000047e+00 -1.003137198446468759e-07 9.683874852446563430e-01 2.494507534996046605e-01 9.390788999999999831e+00 6.861984747094987958e-01 1.814541272399481930e-01 -7.044189470861401681e-01 -2.802319999999999922e+00
-7.274143614930541624e-01 1.711726559036789719e-01 -6.645060335049889355e-01 1.449821000000000026e+00 -1.003137198446468759e-07 9.683874852446563430e-01 2.494507534996046605e-01 9.392371999999999943e+00 6.861984747094987958e-01 1.814541272399481930e-01 -7.044189470861401681e-01 -2.808364999999999778e+00
-7.274143614930541624e-01 1.711726559036789719e-01 -6.645060335049889355e-01 1.445198999999999900e+00 -1.003137198446468759e-07 9.683874852446563430e-01 2.494507534996046605e-01 9.393862000000000378e+00 6.861984747094987958e-01 1.814541272399481930e-01 -7.044189470861401681e-01 -2.815094000000000207e+00
-7.274143614930541624e-01 1.711726559036789719e-01 -6.645060335049889355e-01 1.436913000000000107e+00 -1.003137198446468759e-07 9.683874852446563430e-01 2.494507534996046605e-01 9.397826000000000235e+00 6.861984747094987958e-01 1.814541272399481930e-01 -7.044189470861401681e-01 -2.821539000000000019e+00
-7.274143614930541624e-01 1.711726559036789719e-01 -6.645060335049889355e-01 1.431538999999999895e+00 -1.003137198446468759e-07 9.683874852446563430e-01 2.494507534996046605e-01 9.399651999999999674e+00 6.861984747094987958e-01 1.814541272399481930e-01 -7.044189470861401681e-01 -2.827917999999999932e+00
-7.254952665920202381e-01 1.648650620565422775e-01 -6.681886930094419474e-01 1.425494999999999957e+00 -1.245781061642858845e-08 9.708839372173956317e-01 2.395503714320811606e-01 9.402568000000000481e+00 6.882271559249705239e-01 1.737926689085033394e-01 -7.043716988075869878e-01 -2.833471999999999991e+00
-7.277735504205606887e-01 1.523503176868740150e-01 -6.686815684681007843e-01 1.419529000000000041e+00 -3.429615220984505441e-08 9.750138361131768239e-01 2.221441410162913188e-01 9.405115999999999588e+00 6.858175116663686177e-01 1.616706531457569596e-01 -7.095892759922277637e-01 -2.839796999999999905e+00
-7.270550292392461422e-01 1.447398657136394484e-01 -6.711492797665187249e-01 1.413631000000000082e+00 6.321820204824302181e-08 9.775264077412124664e-01 2.108130028450728721e-01 9.405891999999999697e+00 6.865791902307519790e-01 1.532726115186869298e-01 -7.107155001126166383e-01 -2.845495000000000108e+00
-7.247138056143517248e-01 1.422026932312716596e-01 -6.742168004356881017e-01 1.407024000000000052e+00 -1.370588638416325722e-08 9.784729703141187285e-01 2.063750139059123689e-01 9.407659000000000660e+00 6.890499981510509464e-01 1.495628309522073762e-01 -7.091128680581095800e-01 -2.850211999999999968e+00
-7.241725070918115792e-01 1.401406344213088351e-01 -6.752294295692042869e-01 1.400131000000000014e+00 3.314910254625935693e-08 9.791342261664818247e-01 2.032145839977136381e-01 9.411426000000000514e+00 6.896188657311796977e-01 1.471623923879942231e-01 -7.090620919879182527e-01 -2.856856000000000062e+00
-7.241122375429995817e-01 1.400354714352313734e-01 -6.753158773347360810e-01 1.392532000000000103e+00 -4.378296257490088550e-08 9.791697107355895602e-01 2.030435361639964520e-01 9.412471999999999284e+00 6.896821495736060736e-01 1.470263388576840691e-01 -7.090287640439115746e-01 -2.863185000000000091e+00
-7.241122375429995817e-01 1.400354714352313734e-01 -6.753158773347360810e-01 1.386160000000000059e+00 -4.378296257490088550e-08 9.791697107355895602e-01 2.030435361639964520e-01 9.413857999999999393e+00 6.896821495736060736e-01 1.470263388576840691e-01 -7.090287640439115746e-01 -2.869689000000000156e+00
-7.241122375429995817e-01 1.400354714352313734e-01 -6.753158773347360810e-01 1.379661000000000026e+00 -4.378296257490088550e-08 9.791697107355895602e-01 2.030435361639964520e-01 9.416028999999999982e+00 6.896821495736060736e-01 1.470263388576840691e-01 -7.090287640439115746e-01 -2.875347999999999793e+00
-7.241122375429995817e-01 1.400354714352313734e-01 -6.753158773347360810e-01 1.375512000000000068e+00 -4.378296257490088550e-08 9.791697107355895602e-01 2.030435361639964520e-01 9.417208999999999719e+00 6.896821495736060736e-01 1.470263388576840691e-01 -7.090287640439115746e-01 -2.883812999999999960e+00
-7.241122375429995817e-01 1.400354714352313734e-01 -6.753158773347360810e-01 1.368300000000000072e+00 -4.378296257490088550e-08 9.791697107355895602e-01 2.030435361639964520e-01 9.418782999999999461e+00 6.896821495736060736e-01 1.470263388576840691e-01 -7.090287640439115746e-01 -2.891350999999999782e+00
-7.241122375429995817e-01 1.400354714352313734e-01 -6.753158773347360810e-01 1.362605999999999984e+00 -4.378296257490088550e-08 9.791697107355895602e-01 2.030435361639964520e-01 9.420735999999999777e+00 6.896821495736060736e-01 1.470263388576840691e-01 -7.090287640439115746e-01 -2.899036000000000168e+00
-7.241122375429995817e-01 1.400354714352313734e-01 -6.753158773347360810e-01 1.355922000000000072e+00 -4.378296257490088550e-08 9.791697107355895602e-01 2.030435361639964520e-01 9.423830999999999847e+00 6.896821495736060736e-01 1.470263388576840691e-01 -7.090287640439115746e-01 -2.906722999999999946e+00
