9.99994040e-01 -3.45223094e-03 -1.74341083e-04 4.67235707e-02 3.45238415e-03 9.99993622e-01 8.84823501e-04 1.54812569e-02 1.71279855e-04 -8.85421177e-04 9.99999583e-01 -1.39041021e-02
9.99976099e-01 -6.90426538e-03 -3.51735682e-04 9.33958441e-02 6.90487726e-03 9.99974549e-01 1.76903908e-03 3.11114192e-02 3.39501799e-04 -1.77142757e-03 9.99998331e-01 -2.78139040e-02
9.99946237e-01 -1.03560584e-02 -5.32181526e-04 1.40016302e-01 1.03574349e-02 9.99942780e-01 2.65263557e-03 4.68903072e-02 5.04663680e-04 -2.65800813e-03 9.99996305e-01 -4.17295434e-02
9.99904394e-01 -1.38075668e-02 -7.15676288e-04 1.86584443e-01 1.38100144e-02 9.99898314e-01 3.53560154e-03 6.28177300e-02 6.66763459e-04 -3.54515132e-03 9.99993443e-01 -5.56511655e-02
9.99850631e-01 -1.72587465e-02 -9.02217696e-04 2.33099744e-01 1.72625706e-02 9.99841094e-01 4.41792607e-03 7.88935050e-02 8.25799012e-04 -4.43284586e-03 9.99989748e-01 -6.95789084e-02
9.99784887e-01 -2.07095519e-02 -1.09180331e-03 2.79561698e-01 2.07150597e-02 9.99771178e-01 5.29959751e-03 9.51174423e-02 9.81768244e-04 -5.32108033e-03 9.99985278e-01 -8.35129097e-02
9.99707222e-01 -2.41599418e-02 -1.28443073e-03 3.25969785e-01 2.41674390e-02 9.99688566e-01 6.18060492e-03 1.11489356e-01 1.13466941e-03 -6.20984426e-03 9.99979973e-01 -9.74533111e-02
9.99617636e-01 -2.76098698e-02 -1.48009753e-03 3.72323513e-01 2.76196618e-02 9.99593258e-01 7.06093712e-03 1.28009051e-01 1.28450023e-03 -7.09912507e-03 9.99973834e-01 -1.11400254e-01
9.99516129e-01 -3.10592931e-02 -1.67880114e-03 4.18622375e-01 3.10716871e-02 9.99485254e-01 7.94058293e-03 1.44676328e-01 1.43125898e-03 -7.98891205e-03 9.99966919e-01 -1.25353873e-01
9.99402642e-01 -3.45081687e-02 -1.88053912e-03 4.64865834e-01 3.45234685e-02 9.99364555e-01 8.81953072e-03 1.61490992e-01 1.57494389e-03 -8.87919404e-03 9.99959171e-01 -1.39314324e-01
9.99277234e-01 -3.79564539e-02 -2.08530901e-03 5.11053443e-01 3.79749648e-02 9.99231219e-01 9.69776977e-03 1.78452849e-01 1.71555299e-03 -9.76995938e-03 9.99950647e-01 -1.53281733e-01
9.99139905e-01 -4.14040983e-02 -2.29310803e-03 5.57184637e-01 4.14261296e-02 9.99085188e-01 1.05752880e-02 1.95561692e-01 1.85308442e-03 -1.06611969e-02 9.99941289e-01 -1.67256236e-01
9.98990595e-01 -4.48510647e-02 -2.50393362e-03 6.03258908e-01 4.48769219e-02 9.98926461e-01 1.14520751e-02 2.12817326e-01 1.98753667e-03 -1.15528954e-02 9.99931097e-01 -1.81237996e-01
9.98829365e-01 -4.82973084e-02 -2.71778298e-03 6.49275780e-01 4.83272932e-02 9.98755038e-01 1.23281199e-02 2.30219543e-01 2.11890787e-03 -1.24450428e-02 9.99920130e-01 -1.95227131e-01
9.98656213e-01 -5.17427847e-02 -2.93465354e-03 6.95234716e-01 5.17772064e-02 9.98570919e-01 1.32034114e-02 2.47768134e-01 2.24719639e-03 -1.33376289e-02 9.99908328e-01 -2.09223777e-01
9.98471141e-01 -5.51874451e-02 -3.15454230e-03 7.41135240e-01 5.52266091e-02 9.98374104e-01 1.40779382e-02 2.65462905e-01 2.37240037e-03 -1.42306425e-02 9.99895692e-01 -2.23228097e-01
9.98274088e-01 -5.86312525e-02 -3.37744667e-03 7.86976874e-01 5.86754642e-02 9.98164654e-01 1.49516892e-02 2.83303618e-01 2.49451865e-03 -1.51240714e-02 9.99882281e-01 -2.37240210e-01
9.98065114e-01 -6.20741583e-02 -3.60336364e-03 8.32759082e-01 6.21237196e-02 9.97942507e-01 1.58246532e-02 3.01290095e-01 2.61354935e-03 -1.60179026e-02 9.99868035e-01 -2.51260251e-01
9.97844279e-01 -6.55161217e-02 -3.83229065e-03 8.78481388e-01 6.55713454e-02 9.97707665e-01 1.66968182e-02 3.19422126e-01 2.72949110e-03 -1.69121269e-02 9.99853015e-01 -2.65288383e-01
9.97611463e-01 -6.89571053e-02 -4.06422466e-03 9.24143255e-01 6.90182894e-02 9.97460127e-01 1.75681747e-02 3.37699473e-01 2.84234225e-03 -1.78067330e-02 9.99837160e-01 -2.79324740e-01
9.97366726e-01 -7.23970532e-02 -4.29916242e-03 9.69744205e-01 7.24645033e-02 9.97199953e-01 1.84387118e-02 3.56121927e-01 2.95210164e-03 -1.87017079e-02 9.99820471e-01 -2.93369442e-01
9.97110128e-01 -7.58359209e-02 -4.53710137e-03 1.01528370e+00 7.59099498e-02 9.96927083e-01 1.93084162e-02 3.74689251e-01 3.05876741e-03 -1.95970424e-02 9.99803007e-01 -3.07422638e-01
9.96841550e-01 -7.92736784e-02 -4.77803824e-03 1.06076133e+00 7.93545768e-02 9.96641576e-01 2.01772787e-02 3.93401265e-01 3.16233863e-03 -2.04927232e-02 9.99784708e-01 -3.21484476e-01
9.96561050e-01 -8.27102661e-02 -5.02196979e-03 1.10617650e+00 8.27983543e-02 9.96343374e-01 2.10452881e-02 4.12257701e-01 3.26281390e-03 -2.13887412e-02 9.99765635e-01 -3.35555077e-01
9.96268690e-01 -8.61456469e-02 -5.26889320e-03 1.15152872e+00 8.62412304e-02 9.96032536e-01 2.19124313e-02 4.31258380e-01 3.36019183e-03 -2.22850814e-02 9.99745727e-01 -3.49634588e-01
9.95964408e-01 -8.95797834e-02 -5.51880524e-03 1.19681752e+00 8.96831602e-02 9.95709002e-01 2.27786992e-02 4.50403035e-01 3.45447147e-03 -2.31817346e-02 9.99724984e-01 -3.63723159e-01
9.95648205e-01 -9.30126235e-02 -5.77170262e-03 1.24204242e+00 9.31240991e-02 9.95372891e-01 2.36440804e-02 4.69691455e-01 3.54565145e-03 -2.40786895e-02 9.99703467e-01 -3.77820909e-01
9.95320141e-01 -9.64441299e-02 -6.02758257e-03 1.28720295e+00 9.65640098e-02 9.95024145e-01 2.45085638e-02 4.89123434e-01 3.63373035e-03 -2.49759350e-02 9.99681115e-01 -3.91927987e-01
9.94980216e-01 -9.98742580e-02 -6.28644135e-03 1.33229864e+00 1.00002833e-01 9.94662762e-01 2.53721401e-02 5.08698702e-01 3.71870748e-03 -2.58734580e-02 9.99657989e-01 -4.06044543e-01
9.94628429e-01 -1.03302956e-01 -6.54827571e-03 1.37732887e+00 1.03440538e-01 9.94288743e-01 2.62347963e-02 5.28417051e-01 3.80058168e-03 -2.67712492e-02 9.99634027e-01 -4.20170695e-01
9.94264781e-01 -1.06730185e-01 -6.81308238e-03 1.42229331e+00 1.06877081e-01 9.93902028e-01 2.70965211e-02 5.48278213e-01 3.87935154e-03 -2.76692957e-02 9.99609232e-01 -4.34306592e-01
9.93889213e-01 -1.10155903e-01 -7.08085811e-03 1.46719134e+00 1.10312417e-01 9.93502676e-01 2.79573053e-02 5.68282008e-01 3.95501638e-03 -2.85675861e-02 9.99583662e-01 -4.48452353e-01
9.93501842e-01 -1.13580070e-01 -7.35159963e-03 1.51202250e+00 1.13746502e-01 9.93090808e-01 2.88171358e-02 5.88428140e-01 4.02757479e-03 -2.94661094e-02 9.99557257e-01 -4.62608129e-01
9.93102551e-01 -1.17002629e-01 -7.62530323e-03 1.55678630e+00 1.17179289e-01 9.92666304e-01 2.96760034e-02 6.08716369e-01 4.09702631e-03 -3.03648543e-02 9.99530077e-01 -4.76774067e-01
9.92691398e-01 -1.20423555e-01 -7.90196564e-03 1.60148227e+00 1.20610736e-01 9.92229164e-01 3.05338968e-02 6.29146516e-01 4.16337047e-03 -3.12638097e-02 9.99502063e-01 -4.90950286e-01
9.92268384e-01 -1.23842791e-01 -8.18158314e-03 1.64610994e+00 1.24040805e-01 9.91779387e-01 3.13908048e-02 6.49718285e-01 4.22660587e-03 -3.21629643e-02 9.99473274e-01 -5.05136967e-01
9.91833508e-01 -1.27260298e-01 -8.46415199e-03 1.69066882e+00 1.27469450e-01 9.91317093e-01 3.22467163e-02 6.70431435e-01 4.28673159e-03 -3.30623053e-02 9.99443650e-01 -5.19334197e-01
9.91386831e-01 -1.30676031e-01 -8.74966849e-03 1.73515832e+00 1.30896628e-01 9.90842164e-01 3.31016220e-02 6.91285729e-01 4.34374670e-03 -3.39618213e-02 9.99413252e-01 -5.33542097e-01
9.90928292e-01 -1.34089947e-01 -9.03812982e-03 1.77957809e+00 1.34322286e-01 9.90354657e-01 3.39555070e-02 7.12280929e-01 4.39765071e-03 -3.48615013e-02 9.99382019e-01 -5.47760844e-01
9.90457892e-01 -1.37502000e-01 -9.32953134e-03 1.82392764e+00 1.37746379e-01 9.89854574e-01 3.48083638e-02 7.33416736e-01 4.44844319e-03 -3.57613377e-02 9.99350011e-01 -5.61990559e-01
9.89975691e-01 -1.40912160e-01 -9.62387025e-03 1.86820638e+00 1.41168877e-01 9.89341915e-01 3.56601812e-02 7.54692972e-01 4.49612364e-03 -3.66613120e-02 9.99317169e-01 -5.76231420e-01
9.89481628e-01 -1.44320369e-01 -9.92114190e-03 1.91241384e+00 1.44589737e-01 9.88816679e-01 3.65109481e-02 7.76109338e-01 4.54069069e-03 -3.75614166e-02 9.99283552e-01 -5.90483546e-01
9.88975763e-01 -1.47726581e-01 -1.02213435e-02 1.95654964e+00 1.48008913e-01 9.88278925e-01 3.73606533e-02 7.97665536e-01 4.58214432e-03 -3.84616405e-02 9.99249101e-01 -6.04747057e-01
9.88458097e-01 -1.51130766e-01 -1.05244704e-02 2.00061321e+00 1.51426345e-01 9.87728596e-01 3.82092856e-02 8.19361389e-01 4.62048361e-03 -3.93619686e-02 9.99213874e-01 -6.19022071e-01
9.87928629e-01 -1.54532880e-01 -1.08305188e-02 2.04460406e+00 1.54841989e-01 9.87165689e-01 3.90568338e-02 8.41196597e-01 4.65570902e-03 -4.02623937e-02 9.99177814e-01 -6.33308709e-01
9.87387359e-01 -1.57932863e-01 -1.11394851e-02 2.08852196e+00 1.58255830e-01 9.86590266e-01 3.99032906e-02 8.63170862e-01 4.68781870e-03 -4.11629044e-02 9.99140978e-01 -6.47607148e-01
9.86834288e-01 -1.61330685e-01 -1.14513654e-02 2.13236618e+00 1.61667824e-01 9.86002266e-01 4.07486409e-02 8.85284007e-01 4.71681356e-03 -4.20634858e-02 9.99103308e-01 -6.61917508e-01
9.86269474e-01 -1.64726302e-01 -1.17661553e-02 2.17613626e+00 1.65077895e-01 9.85401809e-01 4.15928774e-02 9.07535672e-01 4.74269269e-03 -4.29641269e-02 9.99064863e-01 -6.76239967e-01
9.85692859e-01 -1.68119669e-01 -1.20838517e-02 2.21983171e+00 1.68486014e-01 9.84788775e-01 4.24359851e-02 9.29925621e-01 4.76545561e-03 -4.38648202e-02 9.99025583e-01 -6.90574586e-01
9.85104442e-01 -1.71510741e-01 -1.24044493e-02 2.26345205e+00 1.71892151e-01 9.84163284e-01 4.32779565e-02 9.52453613e-01 4.78510186e-03 -4.47655506e-02 9.98985529e-01 -7.04921544e-01
9.84504282e-01 -1.74899474e-01 -1.27279451e-02 2.30699682e+00 1.75296232e-01 9.83525276e-01 4.41187806e-02 9.75119352e-01 4.80163191e-03 -4.56663072e-02 9.98944640e-01 -7.19281018e-01
9.83892441e-01 -1.78285822e-01 -1.30543346e-02 2.35046577e+00 1.78698257e-01 9.82874811e-01 4.49584462e-02 9.97922599e-01 4.81504528e-03 -4.65670787e-02 9.98902977e-01 -7.33653069e-01
9.83268797e-01 -1.81669742e-01 -1.33836139e-02 2.39385819e+00 1.82098165e-01 9.82211828e-01 4.57969420e-02 1.02086306e+00 4.82534105e-03 -4.74678539e-02 9.98860538e-01 -7.48037875e-01
9.82633471e-01 -1.85051203e-01 -1.37157785e-02 2.43717360e+00 1.85495883e-01 9.81536388e-01 4.66342606e-02 1.04394042e+00 4.83251968e-03 -4.83686216e-02 9.98817265e-01 -7.62435555e-01
9.81986463e-01 -1.88430160e-01 -1.40508236e-02 2.48041153e+00 1.88891411e-01 9.80848432e-01 4.74703871e-02 1.06715441e+00 4.83658118e-03 -4.92693670e-02 9.98773217e-01 -7.76846230e-01
9.81327713e-01 -1.91806555e-01 -1.43887457e-02 2.52357173e+00 1.92284673e-01 9.80148077e-01 4.83053140e-02 1.09050477e+00 4.83752508e-03 -5.01700863e-02 9.98728335e-01 -7.91270018e-01
9.80657220e-01 -1.95180357e-01 -1.47295399e-02 2.56665349e+00 1.95675641e-01 9.79435205e-01 4.91390303e-02 1.11399126e+00 4.83535184e-03 -5.10707609e-02 9.98682678e-01 -8.05707097e-01
9.79975045e-01 -1.98551536e-01 -1.50732026e-02 2.60965657e+00 1.99064285e-01 9.78709936e-01 4.99715209e-02 1.13761353e+00 4.83006146e-03 -5.19713797e-02 9.98636246e-01 -8.20157588e-01
9.79281187e-01 -2.01920018e-01 -1.54197291e-02 2.65258026e+00 2.02450529e-01 9.77972269e-01 5.08027822e-02 1.16137135e+00 4.82165348e-03 -5.28719351e-02 9.98588979e-01 -8.34621608e-01
9.78575647e-01 -2.05285788e-01 -1.57691147e-02 2.69542408e+00 2.05834359e-01 9.77222145e-01 5.16327992e-02 1.18526447e+00 4.81012883e-03 -5.37724160e-02 9.98540938e-01 -8.49099338e-01
9.77858424e-01 -2.08648786e-01 -1.61213558e-02 2.73818779e+00 2.09215716e-01 9.76459622e-01 5.24615608e-02 1.20929253e+00 4.79548704e-03 -5.46728075e-02 9.98492122e-01 -8.63590896e-01
9.77129519e-01 -2.12008968e-01 -1.64764468e-02 2.78087091e+00 2.12594569e-01 9.75684702e-01 5.32890595e-02 1.23345518e+00 4.77772858e-03 -5.55730984e-02 9.98442471e-01 -8.78096402e-01
9.76388931e-01 -2.15366304e-01 -1.68343838e-02 2.82347274e+00 2.15970874e-01 9.74897325e-01 5.41152805e-02 1.25775230e+00 4.75685345e-03 -5.64732775e-02 9.98392045e-01 -8.92615974e-01
9.75636721e-01 -2.18720749e-01 -1.71951633e-02 2.86599302e+00 2.19344586e-01 9.74097610e-01 5.49402162e-02 1.28218341e+00 4.73286211e-03 -5.73733337e-02 9.98340845e-01 -9.07149732e-01
9.74872828e-01 -2.22072244e-01 -1.75587796e-02 2.90843129e+00 2.22715646e-01 9.73285556e-01 5.57638556e-02 1.30674839e+00 4.70575457e-03 -5.82732596e-02 9.98288810e-01 -9.21697855e-01
9.74097371e-01 -2.25420773e-01 -1.79252271e-02 2.95078707e+00 2.26084024e-01 9.72461104e-01 5.65861911e-02 1.33144677e+00 4.67553176e-03 -5.91730401e-02 9.98236001e-01 -9.36260462e-01
9.73310232e-01 -2.28766277e-01 -1.82945020e-02 2.99305987e+00 2.29449674e-01 9.71624255e-01 5.74072078e-02 1.35627842e+00 4.64219367e-03 -6.00726642e-02 9.98182416e-01 -9.50837672e-01
9.72511530e-01 -2.32108712e-01 -1.86666008e-02 3.03524923e+00 2.32812554e-01 9.70775127e-01 5.82268983e-02 1.38124287e+00 4.60574077e-03 -6.09721169e-02 9.98128057e-01 -9.65429604e-01
9.71701205e-01 -2.35448048e-01 -1.90415177e-02 3.07735467e+00 2.36172631e-01 9.69913661e-01 5.90452515e-02 1.40633988e+00 4.56617307e-03 -6.18713945e-02 9.98072863e-01 -9.80036378e-01
9.70879316e-01 -2.38784224e-01 -1.94192473e-02 3.11937571e+00 2.39529863e-01 9.69039857e-01 5.98622561e-02 1.43156922e+00 4.52349195e-03 -6.27704784e-02 9.98016894e-01 -9.94658172e-01
9.70045805e-01 -2.42117211e-01 -1.97997857e-02 3.16131210e+00 2.42884189e-01 9.68153775e-01 6.06779009e-02 1.45693052e+00 4.47769742e-03 -6.36693612e-02 9.97960150e-01 -1.00929511e+00
9.69200730e-01 -2.45446965e-01 -2.01831274e-02 3.20316315e+00 2.46235564e-01 9.67255414e-01 6.14921749e-02 1.48242354e+00 4.42878995e-03 -6.45680279e-02 9.97902632e-01 -1.02394736e+00
9.68344092e-01 -2.48773441e-01 -2.05692686e-02 3.24492836e+00 2.49583974e-01 9.66344774e-01 6.23050705e-02 1.50804794e+00 4.37677046e-03 -6.54664710e-02 9.97844338e-01 -1.03861499e+00
9.67475951e-01 -2.52096593e-01 -2.09582020e-02 3.28660750e+00 2.52929360e-01 9.65421796e-01 6.31165728e-02 1.53380334e+00 4.32163989e-03 -6.63646758e-02 9.97785211e-01 -1.05329812e+00
9.66596246e-01 -2.55416363e-01 -2.13499255e-02 3.32820010e+00 2.56271660e-01 9.64486539e-01 6.39266819e-02 1.55968952e+00 4.26339824e-03 -6.72626346e-02 9.97725308e-01 -1.06799686e+00
9.65705037e-01 -2.58732766e-01 -2.17444319e-02 3.36970568e+00 2.59610862e-01 9.63539064e-01 6.47353753e-02 1.58570611e+00 4.20204643e-03 -6.81603327e-02 9.97664630e-01 -1.08271146e+00
9.64802325e-01 -2.62045711e-01 -2.21417174e-02 3.41112375e+00 2.62946904e-01 9.62579370e-01 6.55426458e-02 1.61185277e+00 4.13758541e-03 -6.90577626e-02 9.97603178e-01 -1.09744191e+00
9.63888109e-01 -2.65355140e-01 -2.25417763e-02 3.45245385e+00 2.66279757e-01 9.61607397e-01 6.63484856e-02 1.63812923e+00 4.07001609e-03 -6.99549019e-02 9.97540951e-01 -1.11218846e+00
9.62962389e-01 -2.68661052e-01 -2.29446050e-02 3.49369550e+00 2.69609362e-01 9.60623205e-01 6.71528876e-02 1.66453516e+00 3.99933942e-03 -7.08517507e-02 9.97477949e-01 -1.12695122e+00
9.62025225e-01 -2.71963388e-01 -2.33501978e-02 3.53484845e+00 2.72935688e-01 9.59626853e-01 6.79558367e-02 1.69107020e+00 3.92555632e-03 -7.17482939e-02 9.97414172e-01 -1.14173031e+00
9.61076617e-01 -2.75262117e-01 -2.37585474e-02 3.57591200e+00 2.76258707e-01 9.58618343e-01 6.87573254e-02 1.71773410e+00 3.84866726e-03 -7.26445168e-02 9.97349560e-01 -1.15652585e+00
9.60116506e-01 -2.78557181e-01 -2.41696518e-02 3.61688590e+00 2.79578358e-01 9.57597673e-01 6.95573390e-02 1.74452651e+00 3.76867340e-03 -7.35404119e-02 9.97284174e-01 -1.17133796e+00
9.59145010e-01 -2.81848550e-01 -2.45835036e-02 3.65776968e+00 2.82894611e-01 9.56564844e-01 7.03558698e-02 1.77144706e+00 3.68557614e-03 -7.44359642e-02 9.97218013e-01 -1.18616676e+00
9.58162010e-01 -2.85136193e-01 -2.50000972e-02 3.69856286e+00 2.86207378e-01 9.55519855e-01 7.11529106e-02 1.79849553e+00 3.59937618e-03 -7.53311738e-02 9.97151077e-01 -1.20101237e+00
9.57167625e-01 -2.88420022e-01 -2.54194289e-02 3.73926497e+00 2.89516687e-01 9.54462707e-01 7.19484463e-02 1.82567143e+00 3.51007469e-03 -7.62260184e-02 9.97083366e-01 -1.21587491e+00
9.56161797e-01 -2.91700035e-01 -2.58414932e-02 3.77987552e+00 2.92822480e-01 9.53393400e-01 7.27424696e-02 1.85297453e+00 3.41767259e-03 -7.71204904e-02 9.97014880e-01 -1.23075449e+00
9.55144584e-01 -2.94976175e-01 -2.62662843e-02 3.82039428e+00 2.96124667e-01 9.52311993e-01 7.35349730e-02 1.88040459e+00 3.32217128e-03 -7.80145749e-02 9.96945620e-01 -1.24565136e+00
9.54116046e-01 -2.98248440e-01 -2.66937967e-02 3.86082077e+00 2.99423248e-01 9.51218545e-01 7.43259415e-02 1.90796113e+00 3.22357169e-03 -7.89082646e-02 9.96875584e-01 -1.26056552e+00
9.53076124e-01 -3.01516742e-01 -2.71240249e-02 3.90115428e+00 3.02718163e-01 9.50112998e-01 7.51153678e-02 1.93564391e+00 3.12187546e-03 -7.98015445e-02 9.96804774e-01 -1.27549720e+00
9.52024877e-01 -3.04781049e-01 -2.75569633e-02 3.94139457e+00 3.06009382e-01 9.48995352e-01 7.59032443e-02 1.96345246e+00 3.01708397e-03 -8.06944072e-02 9.96733189e-01 -1.29044640e+00
9.50962305e-01 -3.08041304e-01 -2.79926062e-02 3.98154140e+00 3.09296846e-01 9.47865665e-01 7.66895562e-02 1.99138653e+00 2.90919817e-03 -8.15868378e-02 9.96660829e-01 -1.30541337e+00
9.49888408e-01 -3.11297476e-01 -2.84309480e-02 4.02159405e+00 3.12580526e-01 9.46723938e-01 7.74742961e-02 2.01944590e+00 2.79821968e-03 -8.24788213e-02 9.96587694e-01 -1.32039821e+00
9.48803127e-01 -3.14549536e-01 -2.88719833e-02 4.06155205e+00 3.15860361e-01 9.45570171e-01 7.82574490e-02 2.04763007e+00 2.68414966e-03 -8.33703578e-02 9.96513784e-01 -1.33540106e+00
9.47706580e-01 -3.17797452e-01 -2.93157082e-02 4.10141516e+00 3.19136351e-01 9.44404423e-01 7.90390149e-02 2.07593870e+00 2.56698998e-03 -8.42614248e-02 9.96439159e-01 -1.35042191e+00
9.46598768e-01 -3.21041167e-01 -2.97621153e-02 4.14118290e+00 3.22408408e-01 9.43226695e-01 7.98189715e-02 2.10437155e+00 2.44674180e-03 -8.51520151e-02 9.96363759e-01 -1.36546099e+00
9.45479631e-01 -3.24280649e-01 -3.02111991e-02 4.18085527e+00 3.25676560e-01 9.42036986e-01 8.05973187e-02 2.13292813e+00 2.32340652e-03 -8.60421211e-02 9.96287584e-01 -1.38051844e+00
9.44349229e-01 -3.27515841e-01 -3.06629539e-02 4.22043133e+00 3.28940690e-01 9.40835297e-01 8.13740417e-02 2.16160822e+00 2.19698623e-03 -8.69317278e-02 9.96210635e-01 -1.39559436e+00
9.43207681e-01 -3.30746710e-01 -3.11173741e-02 4.25991058e+00 3.32200795e-01 9.39621627e-01 8.21491331e-02 2.19041133e+00 2.06748233e-03 -8.78208280e-02 9.96132910e-01 -1.41068888e+00
9.42054927e-01 -3.33973229e-01 -3.15744542e-02 4.29929304e+00 3.35456818e-01 9.38396096e-01 8.29225853e-02 2.21933722e+00 1.93489622e-03 -8.87094066e-02 9.96054411e-01 -1.42580223e+00
9.40890908e-01 -3.37195337e-01 -3.20341885e-02 4.33857775e+00 3.38708729e-01 9.37158585e-01 8.36943835e-02 2.24838567e+00 1.79922988e-03 -8.95974487e-02 9.95975137e-01 -1.44093442e+00
9.39715683e-01 -3.40412974e-01 -3.24965678e-02 4.37776470e+00 3.41956466e-01 9.35909212e-01 8.44645202e-02 2.27755594e+00 1.66048482e-03 -9.04849470e-02 9.95895147e-01 -1.45608556e+00
9.38529313e-01 -3.43626171e-01 -3.29615921e-02 4.41685343e+00 3.45200002e-01 9.34647918e-01 8.52329805e-02 2.30684805e+00 1.51866290e-03 -9.13718864e-02 9.95814383e-01 -1.47125578e+00
9.37331736e-01 -3.46834809e-01 -3.34292501e-02 4.45584345e+00 3.48439306e-01 9.33374763e-01 8.59997645e-02 2.33626151e+00 1.37376599e-03 -9.22582597e-02 9.95732844e-01 -1.48644531e+00
9.36123013e-01 -3.50038886e-01 -3.38995382e-02 4.49473429e+00 3.51674318e-01 9.32089746e-01 8.67648497e-02 2.36579585e+00 1.22579595e-03 -9.31440592e-02 9.95650530e-01 -1.50165415e+00
9.34903145e-01 -3.53238344e-01 -3.43724526e-02 4.53352547e+00 3.54905039e-01 9.30792928e-01 8.75282362e-02 2.39545083e+00 1.07475440e-03 -9.40292627e-02 9.95567501e-01 -1.51688254e+00
9.33672190e-01 -3.56433153e-01 -3.48479822e-02 4.57221699e+00 3.58131379e-01 9.29484308e-01 8.82899091e-02 2.42522621e+00 9.20643564e-04 -9.49138626e-02 9.95483696e-01 -1.53213048e+00
9.32430148e-01 -3.59623283e-01 -3.53261270e-02 4.61080790e+00 3.61353278e-01 9.28163826e-01 8.90498683e-02 2.45512128e+00 7.63465301e-04 -9.57978591e-02 9.95399117e-01 -1.54739821e+00
9.31176960e-01 -3.62808675e-01 -3.58068757e-02 4.64929819e+00 3.64570767e-01 9.26831603e-01 8.98080915e-02 2.48513603e+00 6.03221590e-04 -9.66812298e-02 9.95313823e-01 -1.56268573e+00
9.29912746e-01 -3.65989298e-01 -3.62902246e-02 4.68768740e+00 3.67783755e-01 9.25487578e-01 9.05645788e-02 2.51526999e+00 4.39914438e-04 -9.75639671e-02 9.95227754e-01 -1.57799327e+00
9.28637445e-01 -3.69165123e-01 -3.67761664e-02 4.72597504e+00 3.70992184e-01 9.24131811e-01 9.13193151e-02 2.54552269e+00 2.73546000e-04 -9.84460562e-02 9.95140910e-01 -1.59332085e+00
9.27351058e-01 -3.72336060e-01 -3.72646973e-02 4.76416063e+00 3.74196082e-01 9.22764301e-01 9.20722932e-02 2.57589388e+00 1.04118357e-04 -9.93274897e-02 9.95053351e-01 -1.60866868e+00
9.26053703e-01 -3.75502110e-01 -3.77558097e-02 4.80224371e+00 3.77395362e-01 9.21385050e-01 9.28234980e-02 2.60638309e+00 -6.83663166e-05 -1.00208253e-01 9.94965017e-01 -1.62403691e+00
9.24745321e-01 -3.78663242e-01 -3.82494964e-02 4.84022379e+00 3.80589992e-01 9.19994116e-01 9.35729295e-02 2.63698983e+00 -2.43905830e-04 -1.01088345e-01 9.94875968e-01 -1.63942552e+00
9.23425972e-01 -3.81819397e-01 -3.87457535e-02 4.87810087e+00 3.83779943e-01 9.18591499e-01 9.43205729e-02 2.66771388e+00 -4.22497949e-04 -1.01967737e-01 9.94786143e-01 -1.65483475e+00
9.22095656e-01 -3.84970546e-01 -3.92445698e-02 4.91587448e+00 3.86965126e-01 9.17177260e-01 9.50664133e-02 2.69855499e+00 -6.04140398e-04 -1.02846436e-01 9.94695604e-01 -1.67026472e+00
9.20754373e-01 -3.88116628e-01 -3.97459418e-02 4.95354414e+00 3.90145540e-01 9.15751338e-01 9.58104506e-02 2.72951269e+00 -7.88830861e-04 -1.03724420e-01 9.94604290e-01 -1.68571544e+00
9.19402182e-01 -3.91257614e-01 -4.02498655e-02 4.99110937e+00 3.93321157e-01 9.14313793e-01 9.65526700e-02 2.76058650e+00 -9.76567040e-04 -1.04601681e-01 9.94512260e-01 -1.70118713e+00
9.18039024e-01 -3.94393474e-01 -4.07563336e-02 5.02856970e+00 3.96491915e-01 9.12864625e-01 9.72930640e-02 2.79177618e+00 -1.16734649e-03 -1.05478205e-01 9.94419456e-01 -1.71667993e+00
9.16664958e-01 -3.97524148e-01 -4.12653387e-02 5.06592464e+00 3.99657786e-01 9.11403894e-01 9.80316252e-02 2.82308125e+00 -1.36116683e-03 -1.06353983e-01 9.94325936e-01 -1.73219395e+00
9.15279984e-01 -4.00649607e-01 -4.17768732e-02 5.10317421e+00 4.02818710e-01 9.09931600e-01 9.87683386e-02 2.85450125e+00 -1.55802548e-03 -1.07229002e-01 9.94231641e-01 -1.74772930e+00
9.13884163e-01 -4.03769821e-01 -4.22909297e-02 5.14031744e+00 4.05974656e-01 9.08447742e-01 9.95031968e-02 2.88603592e+00 -1.75792002e-03 -1.08103253e-01 9.94136631e-01 -1.76328599e+00
9.12477493e-01 -4.06884760e-01 -4.28075045e-02 5.17735434e+00 4.09125596e-01 9.06952322e-01 1.00236192e-01 2.91768503e+00 -1.96084799e-03 -1.08976722e-01 9.94040847e-01 -1.77886426e+00
9.11060035e-01 -4.09994334e-01 -4.33265902e-02 5.21428490e+00 4.12271470e-01 9.05445397e-01 1.00967318e-01 2.94944787e+00 -2.16680649e-03 -1.09849401e-01 9.93944347e-01 -1.79446423e+00
9.09631729e-01 -4.13098544e-01 -4.38481793e-02 5.25110817e+00 4.15412247e-01 9.03926969e-01 1.01696558e-01 2.98132420e+00 -2.37579318e-03 -1.10721283e-01 9.93847132e-01 -1.81008601e+00
9.08192635e-01 -4.16197330e-01 -4.43722680e-02 5.28782368e+00 4.18547869e-01 9.02397037e-01 1.02423906e-01 3.01331377e+00 -2.58780550e-03 -1.11592345e-01 9.93749142e-01 -1.82572973e+00
9.06742692e-01 -4.19290692e-01 -4.48988453e-02 5.32443142e+00 4.21678334e-01 9.00855720e-01 1.03149354e-01 3.04541588e+00 -2.80284067e-03 -1.12462580e-01 9.93650436e-01 -1.84139538e+00
9.05282021e-01 -4.22378540e-01 -4.54279073e-02 5.36093092e+00 4.24803615e-01 8.99302900e-01 1.03872895e-01 3.07763028e+00 -3.02089565e-03 -1.13331988e-01 9.93551016e-01 -1.85708320e+00
9.03810561e-01 -4.25460845e-01 -4.59594466e-02 5.39732170e+00 4.27923620e-01 8.97738695e-01 1.04594514e-01 3.10995674e+00 -3.24196811e-03 -1.14200547e-01 9.93450820e-01 -1.87279332e+00
9.02328491e-01 -4.28537607e-01 -4.64934558e-02 5.43360329e+00 4.31038320e-01 8.96163046e-01 1.05314203e-01 3.14239478e+00 -3.46605480e-03 -1.15068249e-01 9.93349910e-01 -1.88852584e+00
9.00835693e-01 -4.31608766e-01 -4.70299311e-02 5.46977568e+00 4.34147686e-01 8.94576073e-01 1.06031954e-01 3.17494392e+00 -3.69315315e-03 -1.15935087e-01 9.93248284e-01 -1.90428078e+00
8.99332225e-01 -4.34674263e-01 -4.75688614e-02 5.50583792e+00 4.37251657e-01 8.92977715e-01 1.06747761e-01 3.20760369e+00 -3.92326014e-03 -1.16801046e-01 9.93145943e-01 -1.92005837e+00
8.97818029e-01 -4.37734097e-01 -4.81102429e-02 5.54179001e+00 4.40350264e-01 8.91367972e-01 1.07461616e-01 3.24037385e+00 -4.15637298e-03 -1.17666110e-01 9.93042886e-01 -1.93585873e+00
8.96293223e-01 -4.40788180e-01 -4.86540683e-02 5.57763147e+00 4.43443418e-01 8.89746964e-01 1.08173504e-01 3.27325392e+00 -4.39248839e-03 -1.18530266e-01 9.92939055e-01 -1.95168197e+00
8.94757748e-01 -4.43836480e-01 -4.92003299e-02 5.61336184e+00 4.46531057e-01 8.88114631e-01 1.08883418e-01 3.30624342e+00 -4.63160360e-03 -1.19393513e-01 9.92834508e-01 -1.96752810e+00
8.93211722e-01 -4.46878999e-01 -4.97490205e-02 5.64898109e+00 4.49613184e-01 8.86471033e-01 1.09591350e-01 3.33934212e+00 -4.87371581e-03 -1.20255843e-01 9.92729247e-01 -1.98339736e+00
8.91655087e-01 -4.49915677e-01 -5.03001325e-02 5.68448877e+00 4.52689707e-01 8.84816170e-01 1.10297285e-01 3.37254953e+00 -5.11882175e-03 -1.21117234e-01 9.92623270e-01 -1.99928975e+00
8.90087843e-01 -4.52946484e-01 -5.08536585e-02 5.71988440e+00 4.55760628e-01 8.83150101e-01 1.11001223e-01 3.40586519e+00 -5.36691817e-03 -1.21977687e-01 9.92516577e-01 -2.01520538e+00
8.88510108e-01 -4.55971360e-01 -5.14095947e-02 5.75516748e+00 4.58825916e-01 8.81472766e-01 1.11703150e-01 3.43928885e+00 -5.61800180e-03 -1.22837178e-01 9.92409170e-01 -2.03114462e+00
8.86921823e-01 -4.58990276e-01 -5.19679300e-02 5.79033756e+00 4.61885482e-01 8.79784286e-01 1.12403058e-01 3.47282004e+00 -5.87206939e-03 -1.23695701e-01 9.92301047e-01 -2.04710746e+00
8.85323048e-01 -4.62003201e-01 -5.25286607e-02 5.82539463e+00 4.64939356e-01 8.78084600e-01 1.13100938e-01 3.50645828e+00 -6.12911815e-03 -1.24553241e-01 9.92192209e-01 -2.06309390e+00
8.83713722e-01 -4.65010077e-01 -5.30917794e-02 5.86033821e+00 4.67987448e-01 8.76373768e-01 1.13796785e-01 3.54020309e+00 -6.38914481e-03 -1.25409797e-01 9.92082655e-01 -2.07910395e+00
8.82093966e-01 -4.68010902e-01 -5.36572784e-02 5.89516783e+00 4.71029729e-01 8.74651849e-01 1.14490584e-01 3.57405424e+00 -6.65214565e-03 -1.26265347e-01 9.91972387e-01 -2.09513807e+00
8.80463779e-01 -4.71005619e-01 -5.42251468e-02 5.92988300e+00 4.74066168e-01 8.72918785e-01 1.15182325e-01 3.60801125e+00 -6.91811787e-03 -1.27119899e-01 9.91861403e-01 -2.11119604e+00
8.78823161e-01 -4.73994166e-01 -5.47953807e-02 5.96448374e+00 4.77096707e-01 8.71174634e-01 1.15872011e-01 3.64207363e+00 -7.18705729e-03 -1.27973422e-01 9.91749704e-01 -2.12727809e+00
8.77172172e-01 -4.76976514e-01 -5.53679727e-02 5.99896955e+00 4.80121344e-01 8.69419456e-01 1.16559617e-01 3.67624116e+00 -7.45896110e-03 -1.28825903e-01 9.91637290e-01 -2.14338446e+00
8.75510752e-01 -4.79952633e-01 -5.59429154e-02 6.03333998e+00 4.83140022e-01 8.67653251e-01 1.17245145e-01 3.71051311e+00 -7.73382606e-03 -1.29677355e-01 9.91524160e-01 -2.15951514e+00
8.73838902e-01 -4.82922494e-01 -5.65202013e-02 6.06759453e+00 4.86152679e-01 8.65875959e-01 1.17928587e-01 3.74488926e+00 -8.01164750e-03 -1.30527750e-01 9.91410375e-01 -2.17567039e+00
8.72156799e-01 -4.85886067e-01 -5.70998266e-02 6.10173321e+00 4.89159316e-01 8.64087701e-01 1.18609928e-01 3.77936912e+00 -8.29242263e-03 -1.31377071e-01 9.91295874e-01 -2.19185019e+00
8.70464385e-01 -4.88843322e-01 -5.76817803e-02 6.13575506e+00 4.92159873e-01 8.62288475e-01 1.19289160e-01 3.81395245e+00 -8.57614819e-03 -1.32225320e-01 9.91180658e-01 -2.20805454e+00
8.68761659e-01 -4.91794169e-01 -5.82660548e-02 6.16966057e+00 4.95154351e-01 8.60478282e-01 1.19966276e-01 3.84863853e+00 -8.86282045e-03 -1.33072495e-01 9.91064727e-01 -2.22428370e+00
8.67048681e-01 -4.94738609e-01 -5.88526428e-02 6.20344877e+00 4.98142630e-01 8.58657181e-01 1.20641269e-01 3.88342714e+00 -9.15243570e-03 -1.33918568e-01 9.90948141e-01 -2.24053788e+00
8.65325391e-01 -4.97676581e-01 -5.94415367e-02 6.23711967e+00 5.01124740e-01 8.56825173e-01 1.21314131e-01 3.91831779e+00 -9.44498926e-03 -1.34763524e-01 9.90830839e-01 -2.25681710e+00
8.63591850e-01 -5.00608087e-01 -6.00327291e-02 6.27067280e+00 5.04100680e-01 8.54982316e-01 1.21984854e-01 3.95331001e+00 -9.74047929e-03 -1.35607362e-01 9.90712821e-01 -2.27312136e+00
8.61848116e-01 -5.03533065e-01 -6.06262125e-02 6.30410767e+00 5.07070363e-01 8.53128612e-01 1.22653425e-01 3.98840356e+00 -1.00389011e-02 -1.36450067e-01 9.90594089e-01 -2.28945088e+00
8.60094249e-01 -5.06451428e-01 -6.12219796e-02 6.33742380e+00 5.10033607e-01 8.51264060e-01 1.23319842e-01 4.02359772e+00 -1.03402510e-02 -1.37291640e-01 9.90474701e-01 -2.30580568e+00
8.58330190e-01 -5.09363234e-01 -6.18200228e-02 6.37062120e+00 5.12990534e-01 8.49388659e-01 1.23984091e-01 4.05889225e+00 -1.06445244e-02 -1.38132066e-01 9.90354598e-01 -2.32218599e+00
8.56555939e-01 -5.12268424e-01 -6.24203347e-02 6.40369940e+00 5.15941143e-01 8.47502470e-01 1.24646164e-01 4.09428692e+00 -1.09517183e-02 -1.38971314e-01 9.90233839e-01 -2.33859181e+00
8.54771614e-01 -5.15166938e-01 -6.30229115e-02 6.43665791e+00 5.18885314e-01 8.45605552e-01 1.25306055e-01 4.12978077e+00 -1.12618282e-02 -1.39809385e-01 9.90112364e-01 -2.35502338e+00
8.52977216e-01 -5.18058717e-01 -6.36277422e-02 6.46949673e+00 5.21823049e-01 8.43697906e-01 1.25963748e-01 4.16537380e+00 -1.15748504e-02 -1.40646279e-01 9.89990234e-01 -2.37148070e+00
8.51172686e-01 -5.20943761e-01 -6.42348155e-02 6.50221539e+00 5.24754286e-01 8.41779530e-01 1.26619250e-01 4.20106554e+00 -1.18907811e-02 -1.41481981e-01 9.89867389e-01 -2.38796377e+00
8.49358082e-01 -5.23822010e-01 -6.48441240e-02 6.53481340e+00 5.27679026e-01 8.39850485e-01 1.27272531e-01 4.23685503e+00 -1.22096157e-02 -1.42316490e-01 9.89743888e-01 -2.40447283e+00
8.47533464e-01 -5.26693463e-01 -6.54556677e-02 6.56729078e+00 5.30597150e-01 8.37910771e-01 1.27923608e-01 4.27274227e+00 -1.25313513e-02 -1.43149763e-01 9.89619672e-01 -2.42100811e+00
8.45698833e-01 -5.29558063e-01 -6.60694316e-02 6.59964657e+00 5.33508718e-01 8.35960448e-01 1.28572449e-01 4.30872679e+00 -1.28559833e-02 -1.43981829e-01 9.89494801e-01 -2.43756962e+00
8.43854189e-01 -5.32415748e-01 -6.66854084e-02 6.63188124e+00 5.36413610e-01 8.33999455e-01 1.29219055e-01 4.34480810e+00 -1.31835071e-02 -1.44812644e-01 9.89369214e-01 -2.45415735e+00
8.41999650e-01 -5.35266459e-01 -6.73035905e-02 6.66399384e+00 5.39311767e-01 8.32027853e-01 1.29863426e-01 4.38098574e+00 -1.35139190e-02 -1.45642221e-01 9.89242971e-01 -2.47077155e+00
8.40135217e-01 -5.38110197e-01 -6.79239705e-02 6.69598436e+00 5.42203248e-01 8.30045760e-01 1.30505547e-01 4.41725969e+00 -1.38472142e-02 -1.46470532e-01 9.89116073e-01 -2.48741221e+00
8.38260829e-01 -5.40946960e-01 -6.85465485e-02 6.72785234e+00 5.45087993e-01 8.28053057e-01 1.31145403e-01 4.45362902e+00 -1.41833881e-02 -1.47297576e-01 9.88988459e-01 -2.50407958e+00
8.36376548e-01 -5.43776691e-01 -6.91713095e-02 6.75959730e+00 5.47965944e-01 8.26049924e-01 1.31782994e-01 4.49009323e+00 -1.45224379e-02 -1.48123339e-01 9.88860190e-01 -2.52077365e+00
8.34482372e-01 -5.46599329e-01 -6.97982386e-02 6.79121923e+00 5.50837100e-01 8.24036241e-01 1.32418320e-01 4.52665234e+00 -1.48643581e-02 -1.48947820e-01 9.88731265e-01 -2.53749442e+00
8.32578361e-01 -5.49414873e-01 -7.04273358e-02 6.82271767e+00 5.53701401e-01 8.22012126e-01 1.33051351e-01 4.56330538e+00 -1.52091449e-02 -1.49771005e-01 9.88601625e-01 -2.55424237e+00
8.30664575e-01 -5.52223265e-01 -7.10585937e-02 6.85409212e+00 5.56558788e-01 8.19977582e-01 1.33682102e-01 4.60005188e+00 -1.55567937e-02 -1.50592864e-01 9.88471329e-01 -2.57101727e+00
8.28740954e-01 -5.55024445e-01 -7.16920048e-02 6.88534260e+00 5.59409201e-01 8.17932606e-01 1.34310544e-01 4.63689184e+00 -1.59073006e-02 -1.51413411e-01 9.88340378e-01 -2.58781934e+00
8.26807559e-01 -5.57818413e-01 -7.23275542e-02 6.91646862e+00 5.62252700e-01 8.15877259e-01 1.34936690e-01 4.67382479e+00 -1.62606593e-02 -1.52232632e-01 9.88208771e-01 -2.60464859e+00
8.24864388e-01 -5.60605168e-01 -7.29652420e-02 6.94746971e+00 5.65089226e-01 8.13811600e-01 1.35560513e-01 4.71084976e+00 -1.66168679e-02 -1.53050512e-01 9.88076508e-01 -2.62150526e+00
8.22911561e-01 -5.63384593e-01 -7.36050531e-02 6.97834587e+00 5.67918658e-01 8.11735570e-01 1.36182010e-01 4.74796677e+00 -1.69759206e-02 -1.53867036e-01 9.87943590e-01 -2.63838935e+00
8.20949018e-01 -5.66156745e-01 -7.42469877e-02 7.00909662e+00 5.70740998e-01 8.09649229e-01 1.36801183e-01 4.78517532e+00 -1.73378121e-02 -1.54682189e-01 9.87810016e-01 -2.65530109e+00
8.18976820e-01 -5.68921506e-01 -7.48910308e-02 7.03972197e+00 5.73556244e-01 8.07552636e-01 1.37418017e-01 4.82247448e+00 -1.77025404e-02 -1.55495971e-01 9.87675786e-01 -2.67224050e+00
8.16994965e-01 -5.71678877e-01 -7.55371749e-02 7.07022095e+00 5.76364398e-01 8.05445790e-01 1.38032511e-01 4.85986423e+00 -1.80700962e-02 -1.56308368e-01 9.87540901e-01 -2.68920755e+00
8.15003514e-01 -5.74428797e-01 -7.61854127e-02 7.10059404e+00 5.79165339e-01 8.03328693e-01 1.38644651e-01 4.89734411e+00 -1.84404794e-02 -1.57119378e-01 9.87405360e-01 -2.70620251e+00
8.13002408e-01 -5.77171266e-01 -7.68357366e-02 7.13084030e+00 5.81959009e-01 8.01201344e-01 1.39254421e-01 4.93491364e+00 -1.88136827e-02 -1.57928988e-01 9.87269163e-01 -2.72322559e+00
8.10991764e-01 -5.79906225e-01 -7.74881393e-02 7.16095972e+00 5.84745467e-01 7.99063861e-01 1.39861822e-01 4.97257233e+00 -1.91897023e-02 -1.58737183e-01 9.87132311e-01 -2.74027658e+00
8.08971584e-01 -5.82633674e-01 -7.81426132e-02 7.19095182e+00 5.87524652e-01 7.96916246e-01 1.40466854e-01 5.01031971e+00 -1.95685346e-02 -1.59543946e-01 9.86994803e-01 -2.75735593e+00
8.06941867e-01 -5.85353494e-01 -7.87991434e-02 7.22081661e+00 5.90296507e-01 7.94758499e-01 1.41069502e-01 5.04815531e+00 -1.99501719e-02 -1.60349280e-01 9.86856639e-01 -2.77446342e+00
8.04902732e-01 -5.88065684e-01 -7.94577301e-02 7.25055361e+00 5.93060970e-01 7.92590678e-01 1.41669750e-01 5.08607864e+00 -2.03346107e-02 -1.61153167e-01 9.86717820e-01 -2.79159927e+00
8.02854121e-01 -5.90770304e-01 -8.01183581e-02 7.28016233e+00 5.95818043e-01 7.90412843e-01 1.42267600e-01 5.12408924e+00 -2.07218472e-02 -1.61955595e-01 9.86578345e-01 -2.80876374e+00
8.00796092e-01 -5.93467236e-01 -8.07810202e-02 7.30964279e+00 5.98567665e-01 7.88224936e-01 1.42863035e-01 5.16218662e+00 -2.11118758e-02 -1.62756562e-01 9.86438215e-01 -2.82595682e+00
7.98728645e-01 -5.96156478e-01 -8.14457089e-02 7.33899450e+00 6.01309836e-01 7.86027014e-01 1.43456057e-01 5.20037031e+00 -2.15046909e-02 -1.63556054e-01 9.86297488e-01 -2.84317851e+00
7.96651781e-01 -5.98837972e-01 -8.21124166e-02 7.36821699e+00 6.04044497e-01 7.83819139e-01 1.44046664e-01 5.23863983e+00 -2.19002888e-02 -1.64354056e-01 9.86156106e-01 -2.86042881e+00
7.94565499e-01 -6.01511657e-01 -8.27811360e-02 7.39731026e+00 6.06771648e-01 7.81601310e-01 1.44634843e-01 5.27699471e+00 -2.22986639e-02 -1.65150568e-01 9.86014068e-01 -2.87770820e+00
7.92469978e-01 -6.04177535e-01 -8.34518597e-02 7.42627382e+00 6.09491169e-01 7.79373527e-01 1.45220578e-01 5.31543446e+00 -2.26998106e-02 -1.65945575e-01 9.85871434e-01 -2.89501643e+00
7.90365100e-01 -6.06835544e-01 -8.41245726e-02 7.45510769e+00 6.12203062e-01 7.77135909e-01 1.45803869e-01 5.35395861e+00 -2.31037233e-02 -1.66739061e-01 9.85728145e-01 -2.91235375e+00
7.88250923e-01 -6.09485686e-01 -8.47992748e-02 7.48381138e+00 6.14907384e-01 7.74888396e-01 1.46384701e-01 5.39256668e+00 -2.35103965e-02 -1.67531028e-01 9.85584199e-01 -2.92972016e+00
7.86127508e-01 -6.12127900e-01 -8.54759514e-02 7.51238489e+00 6.17604077e-01 7.72630990e-01 1.46963075e-01 5.43125820e+00 -2.39198264e-02 -1.68321460e-01 9.85439658e-01 -2.94711590e+00
7.83994853e-01 -6.14762187e-01 -8.61545950e-02 7.54082775e+00 6.20292962e-01 7.70363808e-01 1.47538975e-01 5.47003269e+00 -2.43320074e-02 -1.69110328e-01 9.85294461e-01 -2.96454096e+00
7.81853020e-01 -6.17388487e-01 -8.68351981e-02 7.56913948e+00 6.22974157e-01 7.68086851e-01 1.48112401e-01 5.50888968e+00 -2.47469340e-02 -1.69897646e-01 9.85148668e-01 -2.98199558e+00
7.79702008e-01 -6.20006800e-01 -8.75177532e-02 7.59732008e+00 6.25647604e-01 7.65800178e-01 1.48683354e-01 5.54782867e+00 -2.51646023e-02 -1.70683399e-01 9.85002220e-01 -2.99947977e+00
7.77541876e-01 -6.22617066e-01 -8.82022455e-02 7.62536907e+00 6.28313124e-01 7.63503730e-01 1.49251819e-01 5.58684921e+00 -2.55850051e-02 -1.71467572e-01 9.84855175e-01 -3.01699352e+00
7.75372624e-01 -6.25219285e-01 -8.88886750e-02 7.65328598e+00 6.30970836e-01 7.61197627e-01 1.49817780e-01 5.62595081e+00 -2.60081384e-02 -1.72250167e-01 9.84707534e-01 -3.03453708e+00
7.73194253e-01 -6.27813399e-01 -8.95770267e-02 7.68107080e+00 6.33620739e-01 7.58881807e-01 1.50381237e-01 5.66513348e+00 -2.64339969e-02 -1.73031166e-01 9.84559238e-01 -3.05211043e+00
7.71006882e-01 -6.30399287e-01 -9.02672932e-02 7.70872355e+00 6.36262655e-01 7.56556392e-01 1.50942191e-01 5.70439625e+00 -2.68625747e-02 -1.73810557e-01 9.84410346e-01 -3.06971359e+00
7.68810451e-01 -6.32977009e-01 -9.09594670e-02 7.73624325e+00 6.38896644e-01 7.54221380e-01 1.51500627e-01 5.74373865e+00 -2.72938646e-02 -1.74588323e-01 9.84260798e-01 -3.08734679e+00
7.66605020e-01 -6.35546565e-01 -9.16535407e-02 7.76363039e+00 6.41522646e-01 7.51876771e-01 1.52056530e-01 5.78316021e+00 -2.77278647e-02 -1.75364465e-01 9.84110653e-01 -3.10501027e+00
7.64390588e-01 -6.38107836e-01 -9.23494995e-02 7.79088402e+00 6.44140661e-01 7.49522626e-01 1.52609900e-01 5.82266045e+00 -2.81645656e-02 -1.76138967e-01 9.83959913e-01 -3.12270379e+00
7.62167275e-01 -6.40660822e-01 -9.30473357e-02 7.81800461e+00 6.46750629e-01 7.47159004e-01 1.53160736e-01 5.86223888e+00 -2.86039654e-02 -1.76911846e-01 9.83808577e-01 -3.14042759e+00
7.59935021e-01 -6.43205523e-01 -9.37470421e-02 7.84499121e+00 6.49352431e-01 7.44785905e-01 1.53709024e-01 5.90189457e+00 -2.90460549e-02 -1.77683055e-01 9.83656645e-01 -3.15818191e+00
7.57693887e-01 -6.45741880e-01 -9.44486111e-02 7.87184381e+00 6.51946187e-01 7.42403388e-01 1.54254749e-01 5.94162750e+00 -2.94908322e-02 -1.78452596e-01 9.83504057e-01 -3.17596674e+00
7.55443871e-01 -6.48269892e-01 -9.51520354e-02 7.89856243e+00 6.54531777e-01 7.40011454e-01 1.54797927e-01 5.98143721e+00 -2.99382899e-02 -1.79220453e-01 9.83350873e-01 -3.19378209e+00
7.53184974e-01 -6.50789499e-01 -9.58573073e-02 7.92514658e+00 6.57109201e-01 7.37610042e-01 1.55338526e-01 6.02132320e+00 -3.03884204e-02 -1.79986626e-01 9.83197093e-01 -3.21162820e+00
7.50917315e-01 -6.53300643e-01 -9.65644121e-02 7.95159578e+00 6.59678340e-01 7.35199273e-01 1.55876547e-01 6.06128502e+00 -3.08412202e-02 -1.80751115e-01 9.83042717e-01 -3.22950506e+00
7.48640895e-01 -6.55803323e-01 -9.72733423e-02 7.97791004e+00 6.62239313e-01 7.32779205e-01 1.56411991e-01 6.10132217e+00 -3.12966816e-02 -1.81513891e-01 9.82887745e-01 -3.24741268e+00
7.46355653e-01 -6.58297479e-01 -9.79840904e-02 8.00408936e+00 6.64792001e-01 7.30349839e-01 1.56944856e-01 6.14143372e+00 -3.17548029e-02 -1.82274967e-01 9.82732177e-01 -3.26535130e+00
7.44061649e-01 -6.60783112e-01 -9.86966491e-02 8.03013325e+00 6.67336404e-01 7.27911234e-01 1.57475114e-01 6.18161964e+00 -3.22155729e-02 -1.83034316e-01 9.82576013e-01 -3.28332090e+00
7.41759062e-01 -6.63260162e-01 -9.94110033e-02 8.05604076e+00 6.69872463e-01 7.25463390e-01 1.58002779e-01 6.22187948e+00 -3.26789916e-02 -1.83791921e-01 9.82419252e-01 -3.30132151e+00
7.39447773e-01 -6.65728629e-01 -1.00127146e-01 8.08181286e+00 6.72400117e-01 7.23006308e-01 1.58527836e-01 6.26221275e+00 -3.31450514e-02 -1.84547782e-01 9.82261896e-01 -3.31935334e+00
7.37127841e-01 -6.68188512e-01 -1.00845069e-01 8.10744858e+00 6.74919426e-01 7.20540047e-01 1.59050271e-01 6.30261850e+00 -3.36137414e-02 -1.85301900e-01 9.82103944e-01 -3.33741641e+00
7.34799325e-01 -6.70639694e-01 -1.01564765e-01 8.13294792e+00 6.77430272e-01 7.18064606e-01 1.59570083e-01 6.34309673e+00 -3.40850577e-02 -1.86054245e-01 9.81945455e-01 -3.35551095e+00
