0.9999880225234615 -0.0003088788838207282 -0.004884608833125919 -0.5131907960378325 0.000314892185529597 0.9999991935403892 0.0012303501464249243 -0.27677406497106094 0.004884224864706128 -0.0012318735350860738 0.9999873133370565 0.8124231187142886
0.9976138480506648 -0.03198512631575522 0.06118465389385682 -1.2269493760475245 0.03525960580327365 0.9979607039799449 -0.05320896080972461 0.3868575979985561 -0.059357984940053544 0.05523934292167321 0.996707201046244 0.588499682319773
0.9976138480506642 -0.03198512631580058 0.061184653893845406 -1.7831183382233113 0.03525960580331646 0.9979607039799449 -0.05320896080969544 0.25004256636182676 -0.059357984940040645 0.05523934292164617 0.9967072010462462 1.4082299627355628
0.9973643000302977 -0.03702817014540317 0.06239685601662486 -2.5497122728064316 0.04054328132389364 0.9976048135884125 -0.05604353883116318 0.3384658132789332 -0.06017221422357722 0.05842559816477043 0.9964766701305755 2.0442449538049616
0.9963132068836194 -0.04217633802461316 0.0747070967185438 -3.3668494306695447 0.04710879382762072 0.9967372388011932 -0.0655411193914119 0.6040601772438086 -0.07169906089613125 0.06881884406037159 0.9950493512227453 2.5558566220353556
0.9965071363238426 -0.034276373006929796 0.07614891666429749 -3.9421167687629284 0.039288054728019994 0.9970905266945751 -0.06532174470743177 0.4675919973994522 -0.07368837093697014 0.06808532756346426 0.9949544774306162 3.3623576608523686
0.9964229077594056 -0.037590261420244395 0.07568593752243893 -4.464257272222195 0.04241783098411146 0.9970977095270452 -0.06322092430931185 0.10054120085888235 -0.07308978387501444 0.06620521053722066 0.9951254964027529 4.132190764457454
0.997108830619 -0.037844407215996814 0.06589219031176619 -4.034137852979565 0.04166969074114976 0.9974650426144495 -0.05768124162751533 -0.5059384268828089 -0.0635422440204093 0.06026018258041034 0.9961581669695961 4.800905760793474
0.996132013816448 -0.032288245787415897 0.08172196910232389 -4.505375128365542 0.037108592988313184 0.9976167652233925 -0.058169941306852 -0.6962798488987957 -0.07964900110119125 0.06097752806719886 0.9949561687302592 5.66212906130951
0.9953025969196776 -0.03658277993865431 0.08963504212587496 -5.396066474445458 0.04210084358515826 0.9972820951680279 -0.06046438312500543 -0.6856277166229567 -0.08717946738977866 0.06395406843375116 0.9941376250783416 6.116612788296877
0.9940355895095959 -0.03753795674602366 0.10239213149283084 -5.909419662784056 0.04280729063186922 0.9978434459418324 -0.049759353489457474 -1.1257154791747261 -0.1003034528671386 0.05384569801073561 0.9934987962492285 6.853356478649754
0.9936341638440886 -0.03136427962030418 0.10820087987516443 -6.060056221138299 0.03730089372640388 0.9978823864997518 -0.053285889696733243 -1.124890049026153 -0.10630047868693784 0.056982669974823284 0.9926999463853458 7.841945344636145
0.993605567163132 -0.0275430245219779 0.10949593007328783 -6.374135741190672 0.033424430771489086 0.9980747380899322 -0.05224580953833687 -1.3225262964903772 -0.1078461141165259 0.05557156635272502 0.992613226127413 8.770543195576979
0.9936055671631322 -0.027543024521966126 0.10949593007329468 -6.008655936498448 0.03342443077147804 0.9980747380899322 -0.0522458095383333 -1.5052656889944407 -0.10784611411653378 0.05557156635272006 0.9926132261274122 9.683248420054948
0.992507803227765 -0.029551199257372433 0.1185537310861653 -6.3666306044139995 0.036058498815276493 0.9979366534077957 -0.053124574807122384 -1.7164544355391762 -0.11673921875354834 0.05700142461113733 0.9915254875176494 10.592783164011228
0.9913633698495902 -0.028582020449278336 0.127991159958433 -6.517341812528129 0.0358160390553921 0.9978668850489509 -0.054579218289438756 -1.8083665474580108 -0.12615815576827022 0.05869197415098452 0.9902723725841336 11.577079001364714
0.9898065246455102 -0.030863962206429656 0.13903402319612448 -6.6073607711690885 0.03763020472691904 0.9982184282814646 -0.046302668729707036 -2.4026039142758284 -0.13735724029475452 0.05106256237403494 0.98920453055089 12.37631522361858
0.9880572920126832 -0.012509497436513294 0.15357831935026742 -6.8798380869731455 0.02107479866924458 0.9983038241282841 -0.054270872407720244 -2.0740515587872883 -0.15263892217130604 0.05685936338659949 0.9866450082140243 13.280643406346037
0.9849930942586572 -0.013497317299367477 0.17206518151119268 -6.920077190932048 0.022506776123965913 0.9984695259226556 -0.05051782687619377 -2.591911618507197 -0.17111998507265463 0.05363234312900091 0.9837893689602605 14.135161851471409
0.9832960559929366 -0.014045051505157719 0.18147066649174057 -7.202617308449825 0.025376376966576204 0.9978594033418837 -0.06027147463128869 -2.625482746159626 -0.18023569502401499 0.0638697713350884 0.9815476282630478 15.093829709168322
0.9835496293570537 -0.010819291221215893 0.18031380848142248 -7.318621338653019 0.021019077114349343 0.9982786978827966 -0.05475253191122975 -3.300732124624864 -0.17941105035327776 0.05764186231289755 0.9820840548141666 15.822239855898125
0.9846504799703728 -0.015090813479649048 0.1738841558125393 -7.217398301399319 0.023080310382337786 0.9987641336172609 -0.044017095229212384 -3.6588343977978672 -0.17300500445586164 0.047354754231064014 0.9837818842024604 16.750419072794017
0.9850420521730868 -0.0005436605880069702 0.1723132609052453 -7.5480254783053 0.008239108839426664 0.9989998632551285 -0.0439475858468765 -4.087893027000931 -0.17211703151102456 0.04470992786173031 0.9840613547002203 17.591010746912655
0.9860894259379589 0.003052137766829178 0.16618763043138837 -6.730548334915944 0.004610284857170704 0.9989444895605968 -0.04570177294215491 -4.300747497548788 -0.16615170575977825 0.04583220736089863 0.9850345270301671 18.126196784103247
0.9854778586438583 0.005766710270514192 0.16970602574856353 -6.144270516222363 0.0032905196228175675 0.9985869395084775 -0.05304051964023602 -4.175399404331673 -0.16977209017776979 0.05282867872424847 0.9840663433432334 18.92655056514931
0.9844499939457091 0.012610024158915812 0.1752118623581341 -5.965965859016793 -0.004084880768095713 0.9987937630285426 -0.04893191887098173 -4.658361033439267 -0.175617548011027 0.047455307669396034 0.9833140244116321 19.783846029985412
0.9818528088705482 0.01327333388694294 0.1891794923360921 -6.320714765385129 -0.0038610181946976225 0.9987399854840315 -0.05003532685872622 -5.011466387323528 -0.1896052590291652 0.04839690075701828 0.9806669086624679 20.649565281526435
0.9799040168085836 0.022700337275248693 0.19817369283029004 -5.789426622078305 -0.011051970922542753 0.9981558939078095 -0.05968806744930247 -4.7516474824076855 -0.19916317877843867 0.05629836715833508 0.9783478533089217 21.455931851660587
0.975321405218588 0.017859637596995086 0.2200663306081701 -5.9687915217492495 -0.004814161432391133 0.9982063074109702 -0.05967404540218462 -5.244811902321288 -0.22073735608669465 0.05714193897535031 0.9736579576206397 22.307176286413213
0.9758214801316014 0.024685637811448974 0.2171705739726585 -5.159814525359297 -0.009077630835890747 0.9973215733010525 -0.07257600186510516 -4.847735251613362 -0.2183804834049511 0.06884982726309406 0.9734319009328102 22.74063488048474
0.9750316188380789 0.020389387296207925 0.2211280514807702 -5.2444803543091805 -0.006036685685376439 0.9978415664881526 -0.06538934633722085 -5.298956578868538 -0.22198400999156156 0.06242179967093071 0.9730501622392915 23.629021626918025
0.9732091931943376 0.019344080162300166 0.22910624793903397 -5.606026992421171 -0.0064950501548727375 0.9983698415415864 -0.05670514812358322 -5.885470701534251 -0.2298296773819993 0.05369791488415459 0.9717483487670986 24.353787252747228
0.9752133323830254 0.02046704701731667 0.22031807989538027 -4.9646318405963346 -0.007332888849724634 0.9981552887135352 -0.06026813713995918 -5.650918153824465 -0.22114516744327561 0.05715872286531459 0.9735644279229257 25.08426474150266
0.9747350176113666 0.027704695749055236 0.2216395616211652 -5.128095130445309 -0.014282408652835542 0.9979780271255777 -0.06193440221409388 -6.110871751272942 -0.2229072862094103 0.057204083840190836 0.9731598196322957 25.957031858817448
0.9729637086977548 0.032256662809679704 0.2286944014651301 -4.981890524257814 -0.01654885095060592 0.9973905107680443 -0.07027307138640293 -6.046401916016009 -0.23036440065541086 0.06458851859460757 0.9709585810818241 26.94418324207713
0.9710089214008395 0.032790787002487144 0.23678352739947275 -4.924878986949825 -0.014559419385199028 0.9968205177174833 -0.07833823309610088 -5.986216095222115 -0.23859945068492056 0.07261969254417204 0.968399030559018 27.9407409933335
0.9666552752328803 0.036802690341989394 0.25342284989328984 -4.613272835017375 -0.018130198344011847 0.9969713501341613 -0.07562686638806988 -6.04634971831494 -0.25543859295817595 0.06851050280988516 0.9643948549387258 28.88904767023269
0.9647549746650581 0.04780082961051938 0.2587719450550443 -3.875344808702823 -0.027230531239931424 0.9962187813467872 -0.08250235063510533 -6.01930930801412 -0.2617371525546507 0.0725480556629348 0.9624086671430767 29.563385155613915
0.9582698363535518 0.05421244157171305 0.28067762987771677 -3.644990190874466 -0.0281854017928622 0.9949868779491967 -0.09595152856880208 -6.111221058901425 -0.28447232529846295 0.08403644380712258 0.9549939121541771 30.53214156467348
0.9538076623322028 0.05756357979674849 0.29485144998348634 -3.502166589239376 -0.03027035416353116 0.9948909138236737 -0.09631082623420181 -6.343508499113187 -0.29888902444752924 0.0829367462110914 0.9506770467370733 31.494245490419473
0.9483047025408093 0.059940943203958805 0.31164928119090607 -3.409790565921614 -0.03125028762358185 0.9948658320728735 -0.09625692545161439 -6.632249055620367 -0.31581895234838664 0.08154176538298295 0.9453091186674317 32.44718597195225
0.9439933617162495 0.07076098553148197 0.3222877843826369 -2.558655234065701 -0.04157175465692891 0.9944570598013016 -0.09657611208834235 -6.639785326292638 -0.3273351833372028 0.07776914001047477 0.9417025212940832 32.97207820040575
0.9458287345032746 0.07128220328878221 0.31674414356422104 -2.032897689305531 -0.04342219591947313 0.9946086866593847 -0.09417044824800445 -6.87814114524701 -0.3217491536732714 0.07531538963582021 0.9438247052257852 33.788635306613486
0.947491606714136 0.07581154951649259 0.3106642305869384 -1.578493924920652 -0.046528735916312715 0.993836461528819 -0.10061890711944643 -6.810257918886321 -0.31637751490947696 0.08088075602879598 0.9451791213118899 34.67684084954357
0.9480848072611165 0.06823433102099191 0.31061113037167526 -1.3985878646318781 -0.043743694408844985 0.9954075211286579 -0.08514902277754675 -7.599578839346427 -0.3149947419245567 0.06714121648155356 0.9467155695399022 35.26387261529001
0.9485074613976798 0.07236088278126672 0.3083788227424928 -1.1434588191311201 -0.044638863138470306 0.994376970637783 -0.09603026691067439 -7.631097390285813 -0.3135936344549028 0.07731974462157577 0.9464040836350093 36.23026578118501
0.952372866188141 0.07078126158790425 0.29660737812234483 -0.35632425914750754 -0.04546834098384104 0.9947760672761387 -0.09139587486753226 -8.121524456547565 -0.301527036460687 0.0735567058985696 0.9506160409442865 36.60429850322588
0.9523728631387594 0.07078127089184372 0.29660738569330886 0.3773485548911223 -0.04546835020830189 0.9947760668887478 -0.09139587449493712 -8.28643519111893 -0.30152704470116687 0.07355670218473681 0.9506160386178476 37.26348637596306
0.9520241083519448 0.07912607716857892 0.2956165777296665 0.9410902305796519 -0.05116858674432781 0.9935542122328558 -0.10115237557735374 -8.523697058982343 -0.30171488668489094 0.08117321766608358 0.9499363325436401 38.05462614183876
0.9482511727909502 0.08147262643902961 0.3068907369760728 0.8473464604121096 -0.054088986082467455 0.9938413363398059 -0.09671494076348504 -9.14354470656439 -0.3128803203865049 0.07511064720423903 0.9468179845099064 38.83372883041183
0.9489061269365417 0.07941476168378804 0.3054021248927428 1.649798641379837 -0.0517556244676803 0.9938758684529274 -0.09763254295011067 -9.419024982422036 -0.31128526723610994 0.07683784050616872 0.9472050615722528 39.363050202428425
0.9490667758108159 0.08983029799940968 0.301997967896148 2.3612835310309217 -0.05956072864537945 0.9923645678629084 -0.10800501864959915 -9.447975325180748 -0.3093942059174633 0.0845167558038376 0.9471705988538176 40.065154987665174
0.9504845375075003 0.09180730993585923 0.29690160289479306 3.0803547456477918 -0.060794064467104635 0.9918387200624554 -0.11207156245205734 -9.642200553277599 -0.30476749446869544 0.08847243201820786 0.9483087066393835 40.73239793373516
0.9456650904426487 0.0898632670570537 0.3124774071063902 2.615739401845737 -0.05720796154573503 0.9920416418040453 -0.11216340785889826 -9.824742321814401 -0.3200699702469477 0.08819282374758132 0.9432800432456682 41.598891491151
0.9452111260291166 0.08826454512537386 0.3143012842871998 2.6758591447936912 -0.0561681419175499 0.9923689405025191 -0.10976805436666666 -10.266795869414366 -0.32159145987464066 0.08610026712922467 0.9429558191855952 42.493863154144954
0.9378717885080651 0.07769740256368872 0.33817099514231225 2.173841797897987 -0.04758179829543592 0.9941985933740962 -0.09646309866444586 -10.832933013474339 -0.34370405989987757 0.07437923478921965 0.9361277950368289 43.147673002289984
0.9378363367885487 0.07830779945324588 0.33812851690419243 2.2880487332947386 -0.048189224821527474 0.9941579118038153 -0.09658076935386067 -10.968383566529369 -0.3437161678043954 0.07428280381537287 0.9361310063485724 44.131852825078674
0.9388834301179627 0.07902958791722453 0.3350406376599196 2.725356611597609 -0.05045075490681213 0.9943707480219343 -0.0931747648649451 -11.496358934838417 -0.3405181727592011 0.07057718974242586 0.9375853210821936 44.85986644447956
0.9396171312061632 0.08118377716414704 0.3324587810079101 2.9074593752090383 -0.050784875636492935 0.9937766421122916 -0.09914071816670697 -11.480780150615754 -0.3384383890023263 0.07627043934176723 0.9378924655482245 45.843022528205445
0.9397084591629224 0.08020640707817865 0.33243787997347557 2.8553822088617613 -0.04987999843502269 0.9938575304690439 -0.0987886374341777 -11.872776647165722 -0.33831937209354684 0.07625051733325094 0.9379370240440684 46.76151407168192
0.9392922995244876 0.08781325692744568 0.33169083189289095 3.0940050447981755 -0.05193593085953659 0.9919443851143092 -0.11553785494786639 -11.432476446662507 -0.33916461363143013 0.09129714534417112 0.9362863857347554 47.62707451186302
0.9387371646358847 0.09158910484933085 0.3322408337400477 3.3635272852817835 -0.05067323667284465 0.9902437842995382 -0.12980551121286707 -10.935800642486036 -0.34088819107807433 0.10501753914958002 0.9342197587583382 48.452102334078944
0.9419731599298312 0.09197960534401851 0.322841010673321 3.9960634337190974 -0.053518624277264844 0.9905769697143534 -0.12606753716561706 -11.278559982760452 -0.3313945123674828 0.10147422959694426 0.9380195402551207 49.14666266664534
0.9396316235983291 0.094034600857401 0.3290135343349294 3.852360473804572 -0.05711284269987668 0.9911105617343694 -0.12015813587655386 -11.725830779677048 -0.3373878111798223 0.094113486069628 0.9366494096550287 50.02944140083495
0.9384891842139376 0.09350059080564593 0.3324089208075767 3.9990844413243454 -0.05603188076720896 0.9911198883678056 -0.12058936611278888 -12.015029670704013 -0.3407322694596913 0.09454631881141475 0.9353943094481929 50.97539915823431
0.9371758425055774 0.09383983162851395 0.3359992949752986 3.993176604258277 -0.05437829619556216 0.9906647296233811 -0.12500557740800058 -12.114949097865015 -0.34459315304694194 0.09888113814156667 0.9335299027845859 51.9703771507231
0.9343641485179605 0.09578068578116825 0.3432050381267741 3.8563828737808756 -0.05303582546286278 0.9898490753573765 -0.13185601704748506 -12.23489074616656 -0.3523504493849609 0.10499937259547071 0.9299592961913853 52.95368863560711
0.938503943657719 0.09847315806705198 0.3309280660192104 4.67238707869107 -0.05619973474725661 0.9892522385804184 -0.13498740044158153 -12.264485693113162 -0.3406639657393355 0.10808813812782009 0.933951292543039 53.530976498535225
0.9379820235570275 0.10624470049260096 0.33000270771784007 5.497628803809637 -0.06327703971536397 0.9883601439279306 -0.13834826395595728 -12.328939363813078 -0.34086029356428194 0.10888659013856543 0.9337868979372492 54.09206634825329
0.9331610017773019 0.10792778599071239 0.34287335529774066 5.714928753572312 -0.06370572991221189 0.988416531753194 -0.13774737650258995 -12.739633960071147 -0.3537684620459257 0.10669748248265452 0.9292273793284007 54.977566591301006
0.9333820781558961 0.11191145944568227 0.3409893274314079 6.384363845692329 -0.069642591730848 0.9885569553502451 -0.13380977335632255 -13.11248761021509 -0.35206221835692086 0.10114826381800647 0.9304951494404525 55.6200903753064
0.9350602190375249 0.11474233725753626 0.3354051025464281 7.109532021671362 -0.07467152742600293 0.9886905218680078 -0.1300585059126888 -13.44140399770268 -0.34653506282246394 0.09656732371278973 0.9330531615216701 56.225024360621624
0.9364320193095508 0.1171118994092093 0.33072628596561676 7.8283844344353355 -0.07943909145015 0.9889383627932478 -0.12526110867061443 -13.8245838847681 -0.341737478134046 0.09102591725757955 0.9353768109302275 56.80504537990623
0.9359715380537897 0.12251827572007003 0.33007052589986036 8.593273307629824 -0.08671535771336049 0.9888393761762748 -0.12114922558549511 -14.275758800610367 -0.34122972714854827 0.08477004328123208 0.9361497279133445 57.26481293745895
0.9347256382613032 0.1284917980101853 0.3313273894822398 9.307895897747054 -0.09251218528294985 0.9881802905966193 -0.12223423763643232 -14.290525092426128 -0.34311729299348703 0.08360365494699498 0.9355645098700192 57.96416728992997
0.9400210494184839 0.13097386960247462 0.3149702718218548 10.162836979937671 -0.09555655749943301 0.9874885474416788 -0.1254404758855233 -14.280553054876542 -0.3274589607401754 0.08781921289150055 0.9407754327564499 58.482796545226904
0.9436419811624718 0.12895059117370047 0.3048139701912057 10.778294169389614 -0.09609706416630769 0.9880517452420802 -0.12049524049812685 -14.651452513108882 -0.31670990771743746 0.08441263981204374 0.9447588796055735 59.178243192954014
0.9420554861205233 0.13032034348200636 0.3091085070731046 11.17000199432186 -0.09540881596547002 0.9874885537412159 -0.12555283376393253 -14.88659093632951 -0.32160320101998013 0.08878605918058534 0.942702719200962 60.06777953387111
0.9433424947110477 0.1300944973086936 0.3052545813617576 11.581081803878877 -0.09610976450636632 0.9876294620032252 -0.12389898687945652 -15.272193842921233 -0.3175969943794704 0.08754123344586368 0.9441761920361622 60.89380846109012
0.9429478195697246 0.13216774499527398 0.30558320757458685 11.546940590809648 -0.10193226601564305 0.9883594825120025 -0.11293957000771414 -15.942472462118795 -0.31695302919143065 0.07534733247750398 0.9454435767272974 61.63513224339902
0.9405083791863842 0.12917644720444832 0.3142569556395585 11.331646160170685 -0.09917899774366808 0.9890031204393798 -0.1097103193311192 -16.33726203668858 -0.3249730990201611 0.07201578471981779 0.9429773123805398 62.52832287251851
0.9394188041653212 0.11968778898268091 0.32119642518098146 11.338072956176992 -0.09316551590694842 0.9909369763550564 -0.09676825687226193 -17.061632249078702 -0.32986739309364227 0.06098148949264358 0.9420556039389968 63.21770411080034
0.939402463691111 0.12312098364228356 0.319944111678952 11.674195615901732 -0.09637987347825998 0.9904910154456656 -0.0981757012184521 -17.05405996394912 -0.3289892569665315 0.06139032259547902 0.9423360849995279 64.15949188844321
0.9391566132145721 0.12045158602219426 0.321677278153242 11.785716554456826 -0.09580253593933155 0.9911907199879012 -0.09144851402546318 -17.688493685755756 -0.32985865149019816 0.055066977714511314 0.9424228870323887 64.92438203277662
0.9362502746396076 0.12607538731101373 0.3279335602704349 11.947117292806896 -0.09759581667168585 0.9899885677229109 -0.10196907544021766 -17.539329793899864 -0.3375062663202717 0.0634636312569981 0.9391814988074619 65.89993312576276
0.9326148101063727 0.12566537085691115 0.3382866100478333 11.827400787669767 -0.09613242446841624 0.990050517134381 -0.10275471029483661 -17.58210579290122 -0.34783354199398664 0.06331025264004853 0.9354162918051916 66.89181929478983
0.9273904964087318 0.12149616025854319 0.3538157009139108 11.720416781218471 -0.0920221085163857 0.990819796606 -0.09903566124306229 -18.02488461358495 -0.3626000533852256 0.05928586421806383 0.9300571958696698 67.78204473720179
0.9218906029730248 0.12589956887522083 0.36642463714530893 11.564046582365204 -0.09464622077213142 0.9902592284895269 -0.10212126754446077 -17.986678421736713 -0.375712402035904 0.05946392980932372 0.92482659564269 68.76900403110152
0.9146222626375737 0.1241040844058216 0.3847912329062638 11.417849943310406 -0.09531049835979143 0.9910842976629266 -0.09310114837314913 -18.532591052001628 -0.39291478158773313 0.048477738806425766 0.9182961849262384 69.59399248123057
0.9151140427471404 0.1310271590860896 0.3813111227709184 12.186655775475732 -0.1044265053407368 0.9904759812266758 -0.08973536424053748 -18.894213236527467 -0.3894372783251609 0.042299103949019444 0.9200811877523666 70.12140786599608
0.9083749190319047 0.12998479441098199 0.3974405108890137 12.296970000371285 -0.10321098776739937 0.990747187681459 -0.08813343352760519 -19.286354393749253 -0.4052190746717891 0.03903797283700093 0.9133857554171299 71.03467457654588
0.9091357534735699 0.12449645556964946 0.39745794029889875 12.84041093019825 -0.10208281031643167 0.9917793113158768 -0.07715502241404427 -19.897815571685125 -0.40379608912661097 0.029570765908363956 0.9143709795316401 71.60981558852997
0.913802226408547 0.12029203691450537 0.38793725892951564 13.589508441290148 -0.10100891103276766 0.9924336533634198 -0.06980432338843554 -20.41164512446437 -0.3933988954010402 0.02460222605178154 0.9190386496609068 72.02794488619591
0.9142351049100924 0.12429062294326643 0.3856501186288049 13.949720223777774 -0.10186811854792813 0.9917250830527697 -0.07812967469207246 -20.106543606291822 -0.392169681864291 0.03214343933619079 0.9193311372590977 72.90951197687359
0.9104989304376997 0.1276131160988455 0.3933275864611485 13.838432942078942 -0.09968436060883705 0.9908740425451544 -0.09072849640678766 -19.61698053644277 -0.401316241786718 0.043399589972397054 0.9149107878194563 73.77434903758044
0.908815228002621 0.13255341699665843 0.39558118382079155 13.93972370472272 -0.10008521765237573 0.9897657930538145 -0.10171835678989057 -19.185667580632348 -0.4050158398853359 0.05285136273616068 0.9127808624740729 74.67084740096607
0.9093095264437263 0.13886461317130686 0.3922662416363082 14.338831754768439 -0.10261483878971647 0.988392788905826 -0.11202629021408096 -18.97372981114072 -0.40326961202011036 0.06161423575564811 0.913004548714519 75.56292091041
0.9057127636334319 0.1359224293383062 0.4015090073638068 14.12010814489451 -0.1025917604625795 0.9893252311802164 -0.10349163075053755 -19.420921584633643 -0.41128982539893133 0.05254217499295669 0.9099890105766837 76.43020373636932
0.9055665680172926 0.13482512470449007 0.4022081260215979 14.558858376084684 -0.10111378980411395 0.989422987169724 -0.10401035511714851 -19.493164671583184 -0.4119771746114518 0.05351951240963406 0.9096210581283868 77.32590411652922
0.9045721110217462 0.13201988888617583 0.4053640893075613 14.467365781365348 -0.10215198225833204 0.9902644071682664 -0.09455885160248341 -20.200960856627564 -0.4139012786672189 0.044126554750731815 0.9092516586091434 78.02637086488217
0.9035180637427023 0.13647775528188175 0.40623753002875307 15.102625788560413 -0.10446239473771404 0.9894799502484144 -0.10008514446241419 -19.853473285938726 -0.41562328685518085 0.04799219071494382 0.908269801905845 78.71607885488612
0.903067856792064 0.13607905476802618 0.4073707609566912 16.001020415666375 -0.1064727965658701 0.9898046964084358 -0.09460553133539225 -19.967432748269253 -0.4160913236543566 0.04206131026549351 0.908349523343477 79.14022545092631
0.9021989163797459 0.13938143777359477 0.408178796714605 16.89130638682221 -0.11174447847257471 0.9895689198160104 -0.0909204293053607 -20.159140588464513 -0.4165936711162428 0.03641658603363296 0.9083631132138473 79.55331018021411
0.9005807705495181 0.13799976955694682 0.41220181867462796 17.061830613958804 -0.1161469298993657 0.9901848308703008 -0.07774246837674705 -20.799122877337425 -0.4188844308295449 0.02213739633715111 0.9077696675324781 80.30253922255595
0.9044479884240608 0.1371757721320267 0.40392653264629386 17.91850200970549 -0.11721935504852041 0.9903556588543163 -0.07385994704334758 -21.05496034619569 -0.41016272263296016 0.019454472884671392 0.9118048390127699 80.7504915740819
0.9071082994444565 0.12764381897749372 0.4010755397126983 18.474973044978928 -0.11039918491231639 0.9916986195146426 -0.06592319791585234 -21.618275174975334 -0.4061607477953606 0.015521067282831522 0.9136698218835522 81.36124225200103
0.9075913695464358 0.1273424308669944 0.4000772565714213 18.75092062349366 -0.1061008880545509 0.9915300863197017 -0.07490453575641909 -21.224902384903604 -0.4062271624089959 0.02553415797974401 0.9134152939914062 82.23823186536201
0.9076043806778219 0.1272745882101289 0.4000693282049682 18.962032918330916 -0.10600788151828153 0.9915367834770124 -0.07494755545093448 -21.327444337534097 -0.40622237411353634 0.025612227704903383 0.9134152377541995 83.21030014841587
0.9082208623562784 0.12727761491329867 0.3986668708618829 19.481233195455555 -0.10601901442882578 0.9915295737181706 -0.07502714856508744 -21.53327953427432 -0.40483926904434897 0.025874952835707406 0.9140216917860284 84.03979574455644
0.9121324015638429 0.12699086622366107 0.38972785621911354 20.130031814238592 -0.1065010205371089 0.9915671442150621 -0.07383854777651712 -21.611642648545338 -0.39581815855508107 0.025844117492297536 0.9179651774163959 84.79671025398731
0.9137291219268839 0.1309487167134407 0.384644674126439 20.9222141701096 -0.11186781006607203 0.9911345631894994 -0.07167894197172303 -21.482469033810943 -0.3906208965400488 0.022465779360359633 0.9202774603042205 85.393167538546
0.9186443427512775 0.11540149122320568 0.37785588172547935 21.49029305558197 -0.10671143659582083 0.993318928835587 -0.043933756003585366 -22.031951044019696 -0.3804014206476287 3.795244339401855e-05 0.9248214734362973 86.00583049673543
0.9221334979381517 0.10599492852925999 0.3720683903618152 22.240801198909995 -0.10321991378392441 0.9942802432655841 -0.027430771957318457 -22.075476617319573 -0.3728477723934977 -0.013110033478732342 0.9277999060376106 86.66525680138761
0.921954834420356 0.10411487494646983 0.37304071641554326 22.968816786597305 -0.10087296913267423 0.994497904087865 -0.028258854598281098 -22.034149324029972 -0.37393037772732335 -0.011576337060156738 0.9273845270614435 87.34957058826733
0.9254184663003923 0.1004968684961628 0.3653779435771979 23.664159703999932 -0.09800764535934761 0.9948613451187711 -0.02540483102858864 -22.332294032228823 -0.3660534983869883 -0.012299732149152726 0.9305125216286522 88.00348798380826
0.9256036170616403 0.09948188502717316 0.36518666272723593 24.147887999035053 -0.0971076618440445 0.9949620588939624 -0.02491191226453096 -22.337508229573697 -0.36582515781941216 -0.012403866854107562 0.930600933802172 88.87869067389123
0.9222832106989959 0.08360554856835781 0.3773642689913065 24.286078947892552 -0.0839526335035545 0.9963482388067089 -0.01556092396333488 -22.786788150888867 -0.37728720438225394 -0.017329145257624395 0.9259341586387612 89.76132922616328
0.9260382314683191 0.08288999254855864 0.3682152128773813 25.003191756652633 -0.08638678923745344 0.9962370222901328 -0.0070084280504841955 -23.288084977570406 -0.36741055578777077 -0.025318857671626966 0.9297141705610023 90.24553033218355
0.9302225555420622 0.08244477025833487 0.3576155156279613 25.470411476567364 -0.08356719541045955 0.9964257010334912 -0.012342859115747177 -22.886039905392657 -0.357354895044173 -0.018403319726956063 0.9337873402499106 91.03297270674844
0.9304227204049172 0.08450773404761147 0.3566118397367907 25.94329008167714 -0.08438081217011109 0.9963060145255271 -0.015943774891096323 -22.760010643833205 -0.3566418930689893 -0.015256746258778504 0.9341165836242119 91.90504062271611
0.9323579197474191 0.08295077063631727 0.35189185715943044 26.45416096995277 -0.08471093412089384 0.9963510694862042 -0.01042132304788111 -23.15722445823692 -0.35147228500215677 -0.020092684851581236 0.935982647750921 92.66742643131916
0.9292005868702288 0.08028851359488932 0.36074925356090826 26.40221084043073 -0.08518430568680228 0.9963624698918516 -0.0023372324813217896 -23.427487025053814 -0.35962467021143857 -0.028558416898329494 0.9326599130441827 93.6288105007837
0.9278854195896138 0.07528427388363759 0.3651861528300694 26.859320181386348 -0.0833783223366499 0.9964972768494248 0.00642126124778122 -23.809806174390598 -0.3634235868478245 -0.0364068034507464 0.9309123703040839 94.43185665042986
0.921202230071307 0.07976524206067613 0.38082011169403784 26.6494646363779 -0.08499993259803806 0.9963761873411722 -0.0030829787227133953 -23.723742060387462 -0.3796860054966286 -0.029529636951351846 0.924644005967455 95.40579382423014
0.9166550054395383 0.08365315279101693 0.3908270090855673 26.884558109599634 -0.0853537107267352 0.9962652288678944 -0.013051352956115078 -23.26355791031267 -0.3904591464773534 -0.021394947462710923 0.9203716157918238 96.26192559380098
0.9173814142285199 0.08719134868068686 0.3883413569829137 27.51021095964835 -0.08994391450207999 0.9958847139027873 -0.01112334746433418 -23.651576672702078 -0.3877130808628069 -0.024724589582314174 0.921448458459758 96.93868253041835
0.911988730350105 0.08442644533179422 0.4014333457039265 27.346966638641828 -0.08179216200546607 0.9963668548331146 -0.02373041981182511 -23.48492538551787 -0.4019783550750977 -0.011192225811357811 0.9155807643963004 97.9110912100068
0.9089615177937763 0.08345452562640412 0.4084413070717912 27.43869804231599 -0.08086544729219776 0.9964447207694986 -0.02363679091660209 -23.521667232922457 -0.40896178134915406 -0.011543855641648887 0.9124784933315738 98.90619692611402
0.9079372356452925 0.08589536049269599 0.4102096575833169 27.76392324618169 -0.07936568344912238 0.9963006786181999 -0.032955213177499776 -22.993241420311602 -0.4115228601419913 -0.002635304679057581 0.911395628006746 99.69041292144762
0.9111658067196396 0.08847290354396749 0.40242939505390973 28.33443195047544 -0.07958376380912495 0.9960730507700597 -0.038793067262151384 -22.744068550368702 -0.4042812105489545 0.0033200705012205968 0.9146287115157418 100.4729937154935
0.9146644180271988 0.08638058745381787 0.39487643194562355 29.13139946592379 -0.07872493822997584 0.9962611424594265 -0.03558258178001001 -23.031747482186947 -0.3964736895377278 0.00145949874231819 0.9180449244823314 101.0041091563423
0.9128050929607466 0.08881633912920055 0.39862077237471805 29.697859458580208 -0.0827225139435568 0.9960425253338724 -0.0325003602039578 -23.290411772089698 -0.39992980378034687 -0.003308418083734911 0.9165398007822702 101.78655139820351
0.9078078797190741 0.08898985973384611 0.40983613601598945 30.216294188892025 -0.08469626057959723 0.9959945814840598 -0.028658979364804868 -23.715725800965657 -0.41074492932207696 -0.008694740878876601 0.9117088375776875 102.52839599597843
0.8977427829334879 0.09298674694977224 0.43059419478499905 30.407175186348162 -0.08662067004900482 0.995646760477206 -0.034414936750114554 -23.55561522651596 -0.4319198481328485 -0.006402596578967858 0.9018892678959826 103.49686336701347
0.8893031532074822 0.088902384005973 0.4485936555651334 30.60363384718375 -0.08125710642030386 0.9960316442495301 -0.03630766186061289 -23.886806988117534 -0.45004131404953623 -0.00416290423150234 0.89299803240373 104.41974798148591
0.8870071534423026 0.08612663998259264 0.4536524127870345 31.02071043853589 -0.08515621092191561 0.9961110195140207 -0.022610982821790793 -24.386329358743275 -0.45383557538343094 -0.018575217039246368 0.8908918182519932 105.17904009799348
0.8921661888626192 0.08401469768871413 0.4438254409366692 31.772554108812297 -0.08469767716786242 0.9962381260110099 -0.018327568427005596 -24.632071586322578 -0.44369561067551927 -0.021239747040705054 0.8959258218250727 105.79087492296642
0.8879354829241454 0.08645941219206126 0.4517691315347625 31.872899171137195 -0.08445409406484415 0.9961225186200031 -0.024646174020215645 -24.405832655979854 -0.45214829885774793 -0.016269540299364185 0.8917943809525263 106.75976439801732
0.8874522890041042 0.08145611123476394 0.45364450474340723 32.29694620049575 -0.08534423906322536 0.9962800416285328 -0.011934802527704656 -24.70889321326829 -0.45292912867257623 -0.028124377240523347 0.891102813262724 107.61319184983043
0.8873685940156328 0.0821751983354652 0.45367853721908824 32.69845728521017 -0.08283532761285042 0.9963923273959951 -0.018456392000342277 -24.462651937044996 -0.4535584712625207 -0.021202987641524552 0.8909742681251163 108.4953222725772
0.8883379497962338 0.0793733618141128 0.4522781847338603 33.34604001854371 -0.08134494314079033 0.9965712825374167 -0.015122137651709909 -24.715739796480673 -0.45192774552714754 -0.02335697446294686 0.8917487115587522 109.21405945604174
0.8833567383912361 0.07896799042138666 0.4620010056564931 33.38321649555692 -0.08024188606948401 0.9966317037658031 -0.016925920030868843 -24.559555471696424 -0.4617814552998148 -0.022120206547144555 0.8867178717063873 110.20108750338821
0.8786928158438504 0.07641406982142496 0.47123224138182396 33.817546087423416 -0.08077372041787462 0.9966717433487347 -0.011001913472469186 -25.08033407981822 -0.4705045605244076 -0.02839587898847793 0.8819405493468446 110.93603474431903
0.874754134105171 0.07839355666200647 0.47818370438545826 34.31826642819052 -0.08555172992168052 0.9963102967246333 -0.0068333116340264935 -25.57046892383924 -0.4769550360079301 -0.034931975529048205 0.8782332552985684 111.64951002421216
0.864561734298065 0.08398570235563463 0.4954587867697563 34.90393133174955 -0.08853250727211007 0.9959700436829528 -0.014341103245486314 -25.742382634910268 -0.49466655713080204 -0.031465439549067505 0.8685130530800049 112.44162257725307
0.8557694454054598 0.09791589652894551 0.5080070211299943 35.575963018063106 -0.0936667408519937 0.9950229395009741 -0.03399840474219014 -25.43546356911106 -0.5088076237327838 -0.018488566028290722 0.8606816920079244 113.11554697927417
0.8439155440656729 0.10933170722552954 0.5252172238983562 36.068229391353334 -0.10061707863563554 0.9938968981913867 -0.04522343698104465 -25.06060646369574 -0.5269561252810089 -0.014681061293401954 0.8497656785656461 113.90113972888896
0.8420509332678158 0.10540446850334642 0.5289991718352055 36.50647226016014 -0.09812210904027185 0.9942908287640871 -0.041926120177305584 -25.14540818158299 -0.5303982253932361 -0.016602585797437557 0.8475860290522446 114.79598712179089
0.8398184727240177 0.09952981986615943 0.5336653893863779 36.705500497075484 -0.09771363798628856 0.9947081364158942 -0.03174536658335476 -25.458522437626442 -0.5340009155638102 -0.0254860413842242 0.8450996887181902 115.72461364713503
0.8409766543092883 0.09497848477733031 0.5326700238760997 37.17691269808511 -0.0943667188239937 0.9951308334908864 -0.028452532648878173 -25.696338729503278 -0.5327787432744987 -0.026338406655415474 0.8458446069164879 116.57385680904875
0.8429690902922892 0.08825637937821636 0.53067308609995 37.860915072693444 -0.09040008480053235 0.9956627425298089 -0.02198926570135598 -25.924071015502015 -0.5303121132690182 -0.02943662068033712 0.8472913004882553 117.26687827873346
0.848088138025874 0.09647289083292025 0.5209985522764453 38.73985466397098 -0.09682088582787118 0.9949455857313388 -0.02662700698986625 -25.99091263215294 -0.5209339940984054 -0.027861492567215193 0.8531421399887704 117.73910427671363
0.8451737538649807 0.09728183070027555 0.5255640505146695 39.23233131806667 -0.09461858811770303 0.9949986617348107 -0.03201540142740059 -25.996154947485078 -0.5260500437794814 -0.022669551419237686 0.8501514234994053 118.60941414296856
0.8233100923947142 0.10217884322584218 0.5583188835764392 39.319203380233226 -0.0983573510932445 0.9944646290807356 -0.03695853072355714 -25.81642579688076 -0.5590047613812711 -0.02448643510914045 0.8288028060091994 119.58928692922093
0.7993177463368943 0.1115220908719696 0.5904692740849926 39.760090132539226 -0.10288081535730838 0.9935166291870381 -0.048376082522774734 -25.774876872437073 -0.5920360446985709 -0.02208009910259924 0.8056089566292693 120.48588748605695
0.7827975001288651 0.12011899553781695 0.61057309202338 40.43599116056732 -0.10878212294485305 0.9924988549171303 -0.0557895394837145 -25.8595058644815 -0.6126944781207141 -0.022747525122123118 0.7899924218504963 121.2180047813151
0.779445497513828 0.12278583155430778 0.6143194250346827 40.79259701491297 -0.10331622276703886 0.9923717533485955 -0.06726114234084535 -25.61280246593054 -0.6178919602313798 -0.0110427680118025 0.786185463332965 122.11909839342752
0.7806772600975377 0.11825968008287013 0.6136429447433608 41.398948439778195 -0.09848112822374226 0.9929432356790435 -0.06606964585208247 -25.704005980146203 -0.6171259862867423 -0.008853179425455757 0.7868145513802377 122.90904767569737
0.7777414494085395 0.12416222808397197 0.6161996259242067 41.78919025715626 -0.09486109372533291 0.9922541633263974 -0.08020628565564385 -25.282006837224912 -0.6213852353968043 0.003926382389176079 0.7834953559225483 123.72735571509523
0.7730124904923266 0.11851131979351798 0.6232228787710326 42.17822536493708 -0.0936696891684079 0.9929501993040258 -0.07263532909816295 -25.590603447733873 -0.6274373904015829 -0.0022290766932306053 0.7786638249868524 124.59535330546997
0.7709159183992808 0.12198309575836735 0.6251469995991359 42.74295169141957 -0.09341014022868484 0.9925299454930837 -0.07847836008711816 -25.582566070752765 -0.6300501507507592 0.0021051481449249785 0.7765515925489057 125.42059240824496
0.748554827271143 0.12045666060401237 0.6520397713983426 43.15657025257112 -0.09196515996303928 0.992717103482745 -0.07781492020050598 -25.849924470443828 -0.656664358650632 -0.00171620772911284 0.754180995987696 126.29090222203862
0.6975374568347362 0.13947675181101532 0.7028426082820964 43.75846655106855 -0.1055729018589388 0.9901725766946091 -0.09172039443357338 -25.616155257197068 -0.7087283391438607 -0.010222723033381162 0.705407426405603 127.0544942602325
0.6539020765714297 0.14117198160419855 0.7432916963517884 44.65605632015109 -0.10496407482477044 0.9898642824104201 -0.0956621419595723 -25.87995250450639 -0.7492627157758192 -0.01546525195587304 0.6620922962323261 127.40768488687822
0.6453591733402558 0.1444718360556974 0.7500929448890189 45.10196372821905 -0.1064445811629736 0.9893800790989462 -0.09897782692710104 -26.163125770325674 -0.7564265255308177 -0.01596708078733293 0.6538837540454077 128.25678999518658
0.6407075760537786 0.1542790717497787 0.752124836717497 45.78312458009984 -0.1106550225738771 0.9879311723983831 -0.1083857213046974 -26.006728464286873 -0.7597692202020754 -0.013782838009383767 0.650046740942485 128.97202406633312
0.6369026630656907 0.1632018969409496 0.7534720556296101 46.29032808830961 -0.10603111533262911 0.9865923072441573 -0.12406861757905316 -25.72962017988772 -0.763617967547355 -0.0008718494914072867 0.6456677470009784 129.78808509344879
0.6222985401291833 0.1736654140129675 0.7632724617911975 46.505268016224214 -0.11647722701536108 0.9847674518827672 -0.12909733265696194 -25.44047482681007 -0.7740656190142426 -0.008566778159636676 0.6330474135260877 130.7209279484794
0.6002369164829103 0.16514399168403543 0.7825874431025289 46.80735344532981 -0.11200528047000868 0.986165692836919 -0.12219674062069821 -25.826652318936482 -0.7919409455495566 -0.014306931262584567 0.6104300537161732 131.59248479579176
