9.99905093e-01 6.07006901e-03 -1.23669984e-02 -6.01675927e-03 -6.01455963e-03 9.99971639e-01 4.52077750e-03 -3.45563849e-03 1.23940889e-02 -4.44596665e-03 9.99913278e-01 4.24579294e-03
9.99959276e-01 -8.36920613e-03 -3.33210329e-03 3.68300376e-03 8.37236157e-03 9.99964444e-01 9.34351670e-04 2.30998690e-03 3.32416423e-03 -9.62210955e-04 9.99993904e-01 -4.64231079e-03
9.99816671e-01 -1.74222496e-02 7.94097038e-03 1.02344686e-02 1.74467608e-02 9.99843247e-01 -3.02796542e-03 7.41125136e-03 -7.88697121e-03 3.16595451e-03 9.99963916e-01 -1.39984581e-02
9.99479307e-01 -2.54661950e-02 1.98255811e-02 1.55940026e-02 2.56178948e-02 9.99644294e-01 -7.43558487e-03 1.01096225e-02 -1.96291763e-02 7.93960113e-03 9.99775879e-01 -2.25375019e-02
9.99025885e-01 -2.99681934e-02 3.23904708e-02 2.20666634e-02 3.02630588e-02 9.99504435e-01 -8.65172066e-03 1.21944326e-02 -3.21151508e-02 9.62352787e-03 9.99437654e-01 -3.14553372e-02
9.98990928e-01 -2.27576749e-02 3.87196358e-02 2.97655530e-02 2.29108120e-02 9.99731216e-01 -3.51578551e-03 1.35506708e-02 -3.86292246e-02 4.39933650e-03 9.99243797e-01 -4.18093783e-02
9.98716491e-01 -2.09529826e-02 4.61038794e-02 4.02789768e-02 2.11749902e-02 9.99766041e-01 -4.33222002e-03 1.67969298e-02 -4.60023359e-02 5.30291140e-03 9.98926787e-01 -5.27658383e-02
9.98376838e-01 -1.01367536e-02 5.60343114e-02 4.97944334e-02 1.03596128e-02 9.99938892e-01 -3.68809106e-03 2.09609954e-02 -5.59935347e-02 4.26260059e-03 9.98421423e-01 -6.16698029e-02
9.98087698e-01 -2.25289919e-02 5.75529283e-02 4.96270873e-02 2.28270274e-02 9.99728393e-01 -4.52611134e-03 2.65197028e-02 -5.74353819e-02 5.83122117e-03 9.98331410e-01 -7.06598733e-02
9.97599075e-01 -2.59304208e-02 6.42100981e-02 5.19459250e-02 2.62196406e-02 9.99648967e-01 -3.66555485e-03 3.15441950e-02 -6.40925448e-02 5.34032245e-03 9.97929100e-01 -7.88853183e-02
9.97192570e-01 -2.05824054e-02 7.19886825e-02 5.71243363e-02 2.08103331e-02 9.99779906e-01 -2.41744931e-03 3.35295679e-02 -7.19231283e-02 3.90877372e-03 9.97401811e-01 -8.66526162e-02
9.97120246e-01 -2.85747095e-02 7.02391956e-02 5.56744886e-02 2.87977406e-02 9.99582202e-01 -2.16452029e-03 3.41126840e-02 -7.01480480e-02 4.18101982e-03 9.97527094e-01 -9.62277024e-02
9.96842134e-01 -2.89894959e-02 7.39189384e-02 5.72127366e-02 2.91375744e-02 9.99574213e-01 -9.25434248e-04 3.66019456e-02 -7.38606949e-02 3.07633381e-03 9.97262947e-01 -1.06230950e-01
9.96860231e-01 -2.93436636e-02 7.35314324e-02 5.97106498e-02 2.94032665e-02 9.99566736e-01 2.71967044e-04 4.02567972e-02 -7.35076099e-02 1.89095372e-03 9.97291909e-01 -1.13794063e-01
9.96743849e-01 -2.88755862e-02 7.52728843e-02 6.11122911e-02 2.91692982e-02 9.99569517e-01 -2.80527708e-03 4.40463178e-02 -7.51595496e-02 4.99180519e-03 9.97157955e-01 -1.20592406e-01
9.96752186e-01 -2.90585023e-02 7.50907893e-02 6.24428109e-02 2.96247940e-02 9.99539218e-01 -6.43837153e-03 4.59511321e-02 -7.48691848e-02 8.64201973e-03 9.97154689e-01 -1.28007716e-01
9.96813442e-01 -2.85318184e-02 7.44776896e-02 6.08071248e-02 2.91649817e-02 9.99546050e-01 -7.42752429e-03 4.90415714e-02 -7.42320171e-02 9.57600553e-03 9.97194057e-01 -1.35075970e-01
9.96738111e-01 -3.07251507e-02 7.46143210e-02 6.27799866e-02 3.14662752e-02 9.99465285e-01 -8.77730370e-03 5.26446543e-02 -7.43048066e-02 1.10965169e-02 9.97172852e-01 -1.42665479e-01
9.96718131e-01 -4.41471159e-02 6.78400560e-02 5.92195980e-02 4.52438294e-02 9.98866638e-01 -1.47149239e-02 5.57165643e-02 -6.71136047e-02 1.77359900e-02 9.97586749e-01 -1.49634758e-01
9.96563757e-01 -5.42749806e-02 6.25554208e-02 5.44027508e-02 5.53929504e-02 9.98331021e-01 -1.62769118e-02 5.80394394e-02 -6.15676466e-02 1.96861293e-02 9.97907691e-01 -1.57421098e-01
9.96712358e-01 -5.42491827e-02 6.01640557e-02 5.37290890e-02 5.56470640e-02 9.98211394e-01 -2.18064523e-02 6.48962499e-02 -5.88735201e-02 2.50827380e-02 9.97949209e-01 -1.64733273e-01
9.96605985e-01 -5.54339824e-02 6.08402619e-02 5.67618532e-02 5.72904248e-02 9.97929056e-01 -2.92039730e-02 6.73911094e-02 -5.90954519e-02 3.25904488e-02 9.97718927e-01 -1.71920896e-01
9.96703749e-01 -4.99527320e-02 6.39084338e-02 6.53627139e-02 5.20445212e-02 9.98146840e-01 -3.14950713e-02 7.01807217e-02 -6.22168144e-02 3.47173781e-02 9.97457316e-01 -1.79540044e-01
9.96706453e-01 -5.31640594e-02 6.12186314e-02 6.60976437e-02 5.52968913e-02 9.97900445e-01 -3.36880812e-02 7.71083017e-02 -5.92991695e-02 3.69623732e-02 9.97554394e-01 -1.85710926e-01
9.96735448e-01 -5.63327030e-02 5.78201085e-02 6.31432608e-02 5.84817162e-02 9.97631920e-01 -3.61725254e-02 8.11386487e-02 -5.56455460e-02 3.94358929e-02 9.97670401e-01 -1.91652363e-01
9.96490745e-01 -6.77052676e-02 4.91940500e-02 6.02704204e-02 6.96497243e-02 9.96809849e-01 -3.89486338e-02 8.46322853e-02 -4.64001353e-02 4.22383517e-02 9.98028332e-01 -1.98630197e-01
9.95881760e-01 -7.81553379e-02 4.59195552e-02 5.92248450e-02 7.98952694e-02 9.96101635e-01 -3.73610932e-02 8.87936172e-02 -4.28206269e-02 4.08760422e-02 9.98244866e-01 -2.04247254e-01
9.95216829e-01 -8.81590699e-02 4.20589407e-02 5.68344805e-02 8.99209949e-02 9.95061083e-01 -4.20188544e-02 9.05778791e-02 -3.81469094e-02 4.55999098e-02 9.98229966e-01 -2.09908326e-01
9.94453784e-01 -9.82365727e-02 3.75301061e-02 5.16206089e-02 9.98935171e-02 9.93971120e-01 -4.51690129e-02 9.33151573e-02 -3.28666348e-02 4.86675803e-02 9.98272679e-01 -2.17904622e-01
9.93107027e-01 -1.12786675e-01 3.18499129e-02 4.46521925e-02 1.14176945e-01 9.92400223e-01 -4.58536989e-02 9.79774720e-02 -2.64362116e-02 4.91742339e-02 9.98438709e-01 -2.23699570e-01
9.93036395e-01 -1.15431149e-01 2.34756581e-02 4.38807151e-02 1.16516152e-01 9.91835546e-01 -5.18041905e-02 1.02301227e-01 -1.73041953e-02 5.41788336e-02 9.98379740e-01 -2.30072462e-01
9.92880361e-01 -1.17366925e-01 2.02443995e-02 4.73290090e-02 1.18346448e-01 9.91332357e-01 -5.70171825e-02 1.07536222e-01 -1.33770196e-02 5.90072089e-02 9.98165980e-01 -2.37907575e-01
9.93280826e-01 -1.13796561e-01 2.09889251e-02 4.87098232e-02 1.14922735e-01 9.91310665e-01 -6.39778602e-02 1.08972643e-01 -1.35261047e-02 6.59601819e-02 9.97728982e-01 -2.45813401e-01
9.93157552e-01 -1.15103521e-01 1.96378106e-02 5.06757024e-02 1.16164740e-01 9.91019491e-01 -6.62041967e-02 1.12067763e-01 -1.18411367e-02 6.80325484e-02 9.97610903e-01 -2.52954904e-01
9.92332238e-01 -1.22241922e-01 1.81765233e-02 5.09816406e-02 1.23204610e-01 9.90056818e-01 -6.78627452e-02 1.16507372e-01 -9.70013345e-03 6.95819422e-02 9.97527305e-01 -2.58363674e-01
9.92255246e-01 -1.22769008e-01 1.88149054e-02 5.16815692e-02 1.23768545e-01 9.90028622e-01 -6.72451316e-02 1.20516806e-01 -1.03716921e-02 6.90531473e-02 9.97557330e-01 -2.65014724e-01
9.91786384e-01 -1.26352730e-01 1.97801411e-02 5.01566763e-02 1.27422834e-01 9.89491213e-01 -6.83179729e-02 1.22208220e-01 -1.09401327e-02 7.02774082e-02 9.97465478e-01 -2.72548219e-01
9.91555713e-01 -1.27781304e-01 2.20346645e-02 4.68139742e-02 1.28987572e-01 9.89388661e-01 -6.68505768e-02 1.21179517e-01 -1.32586156e-02 6.91283983e-02 9.97517707e-01 -2.78687175e-01
9.89962543e-01 -1.39442113e-01 2.29371903e-02 3.88035004e-02 1.40701791e-01 9.87706420e-01 -6.80862674e-02 1.22674448e-01 -1.31611392e-02 7.06303073e-02 9.97413673e-01 -2.84236235e-01
9.88446272e-01 -1.49740656e-01 2.33971424e-02 3.04297308e-02 1.51033761e-01 9.86045347e-01 -6.99970052e-02 1.24637466e-01 -1.25892702e-02 7.27221993e-02 9.97270494e-01 -2.90365384e-01
9.88456768e-01 -1.49381980e-01 2.51808411e-02 2.89918519e-02 1.50876659e-01 9.85698845e-01 -7.50357194e-02 1.28118876e-01 -1.36117670e-02 7.79689358e-02 9.96860609e-01 -2.96394837e-01
9.84460930e-01 -1.74406077e-01 2.03676035e-02 1.65292137e-02 1.75483568e-01 9.81279050e-01 -7.93292837e-02 1.26175190e-01 -6.15080447e-03 8.16709337e-02 9.96638162e-01 -2.98945456e-01
9.81759961e-01 -1.89139641e-01 1.92193787e-02 7.71182749e-03 1.90097463e-01 9.77964952e-01 -8.62784603e-02 1.24253419e-01 -2.47720570e-03 8.83584836e-02 9.96083455e-01 -3.04414050e-01
9.81610306e-01 -1.90012926e-01 1.82094282e-02 7.99374835e-03 1.90881031e-01 9.77599571e-01 -8.86545955e-02 1.25903003e-01 -9.56011316e-04 9.05003233e-02 9.95893529e-01 -3.10951375e-01
9.81182062e-01 -1.92219987e-01 1.81225793e-02 9.56285684e-03 1.93072227e-01 9.76722910e-01 -9.34406055e-02 1.28361739e-01 2.60414364e-04 9.51814405e-02 9.95457322e-01 -3.15707340e-01
9.80996191e-01 -1.92719176e-01 2.23793087e-02 1.28130589e-02 1.93992633e-01 9.76060211e-01 -9.83305798e-02 1.31318053e-01 -2.89337032e-03 1.00803590e-01 9.94899527e-01 -3.20899613e-01
9.80990073e-01 -1.91996720e-01 2.81217764e-02 1.25409610e-02 1.93877382e-01 9.75821551e-01 -1.00893383e-01 1.36308804e-01 -8.07065350e-03 1.04427835e-01 9.94497095e-01 -3.27414361e-01
9.80048368e-01 -1.96679402e-01 2.85947929e-02 1.00988862e-02 1.98615076e-01 9.74452583e-01 -1.04833141e-01 1.37965737e-01 -7.24576477e-03 1.08421164e-01 9.94076032e-01 -3.34751154e-01
9.78336214e-01 -2.04950240e-01 2.91341898e-02 5.78650203e-03 2.06895258e-01 9.72757149e-01 -1.04564306e-01 1.40213176e-01 -6.91002434e-03 1.08327038e-01 9.94088701e-01 -3.40474581e-01
9.77932654e-01 -2.06360091e-01 3.25353946e-02 4.08929983e-03 2.08685478e-01 9.72171003e-01 -1.06441993e-01 1.43440358e-01 -9.66460491e-03 1.10883027e-01 9.93783946e-01 -3.45990492e-01
9.76179674e-01 -2.14353128e-01 3.34818397e-02 -1.21907275e-03 2.16727797e-01 9.70505910e-01 -1.05560010e-01 1.46256414e-01 -9.86722382e-03 1.10302244e-01 9.93846487e-01 -3.50290706e-01
9.73457367e-01 -2.26278695e-01 3.42623328e-02 -7.30890636e-03 2.28659670e-01 9.67883198e-01 -1.04464337e-01 1.50190142e-01 -9.52389867e-03 1.09526259e-01 9.93935714e-01 -3.55362552e-01
9.72178836e-01 -2.31701826e-01 3.43098096e-02 -1.26932303e-02 2.34047253e-01 9.66707724e-01 -1.03408573e-01 1.53738926e-01 -9.20762227e-03 1.08562049e-01 9.94044069e-01 -3.62142540e-01
9.72488732e-01 -2.29610301e-01 3.92391289e-02 -1.47986314e-02 2.32569981e-01 9.66551849e-01 -1.08094711e-01 1.58229170e-01 -1.31070154e-02 1.14247022e-01 9.93363262e-01 -3.69323013e-01
9.72858970e-01 -2.27125770e-01 4.41989250e-02 -1.56995743e-02 2.30686014e-01 9.66906087e-01 -1.08956525e-01 1.60001715e-01 -1.79894144e-02 1.16195735e-01 9.93060407e-01 -3.76139002e-01
9.73301798e-01 -2.24475814e-01 4.78372946e-02 -1.65709679e-02 2.28451499e-01 9.67564437e-01 -1.07813734e-01 1.62840800e-01 -2.20841433e-02 1.15864142e-01 9.93016399e-01 -3.82079940e-01
9.73658365e-01 -2.21804837e-01 5.27841283e-02 -1.66943981e-02 2.26363396e-01 9.68092474e-01 -1.07477103e-01 1.65230117e-01 -2.72610429e-02 1.16594710e-01 9.92802261e-01 -3.88767438e-01
9.73295798e-01 -2.22585291e-01 5.60766199e-02 -1.90955299e-02 2.27340543e-01 9.68501163e-01 -1.01568288e-01 1.67842472e-01 -3.17027418e-02 1.11604828e-01 9.93243613e-01 -3.96665408e-01
9.73241494e-01 -2.21565906e-01 6.08542959e-02 -2.08066479e-02 2.26626444e-01 9.69310530e-01 -9.52473386e-02 1.70346218e-01 -3.78832414e-02 1.06490189e-01 9.93588598e-01 -4.04384071e-01
9.72524364e-01 -2.22192351e-01 6.94315307e-02 -2.05795737e-02 2.28030507e-01 9.69279749e-01 -9.21592731e-02 1.72199339e-01 -4.68216135e-02 1.05459967e-01 9.93317453e-01 -4.10526398e-01
9.72011563e-01 -2.23527005e-01 7.22699142e-02 -2.15077805e-02 2.29537318e-01 9.69158056e-01 -8.96636627e-02 1.75212339e-01 -4.99988538e-02 1.03743069e-01 9.93343402e-01 -4.17713994e-01
9.71110879e-01 -2.25400308e-01 7.83054024e-02 -2.37606448e-02 2.31923135e-01 9.68777562e-01 -8.76103437e-02 1.77752010e-01 -5.61132794e-02 1.03240514e-01 9.93068986e-01 -4.24974476e-01
9.71017215e-01 -2.24971299e-01 8.06620935e-02 -2.48706436e-02 2.31528451e-01 9.69188229e-01 -8.40380088e-02 1.80169855e-01 -5.92707844e-02 1.00278268e-01 9.93188901e-01 -4.33334592e-01
9.70684991e-01 -2.25218294e-01 8.39077158e-02 -2.53198387e-02 2.31886066e-01 9.69394817e-01 -8.06000858e-02 1.81030556e-01 -6.31872740e-02 9.76946534e-02 9.93205004e-01 -4.39643169e-01
9.69973434e-01 -2.27159950e-01 8.68491972e-02 -2.62668618e-02 2.34031652e-01 9.68983195e-01 -7.93381226e-02 1.83969102e-01 -6.61331617e-02 9.72816847e-02 9.93053610e-01 -4.45533529e-01
9.69174129e-01 -2.29249130e-01 9.02166306e-02 -2.81270455e-02 2.36486586e-01 9.68343775e-01 -7.98610792e-02 1.86043354e-01 -6.90528468e-02 9.87346681e-02 9.92711325e-01 -4.51233864e-01
9.68816200e-01 -2.30417659e-01 9.10763547e-02 -2.81732351e-02 2.37660630e-01 9.68148002e-01 -7.87382591e-02 1.89289210e-01 -7.00329385e-02 9.79285492e-02 9.92722250e-01 -4.57419659e-01
9.69871677e-01 -2.24642886e-01 9.42169128e-02 -2.68298750e-02 2.32012697e-01 9.69717202e-01 -7.62343321e-02 1.93623241e-01 -7.42385076e-02 9.57974026e-02 9.92624670e-01 -4.65637081e-01
9.69143803e-01 -2.27785165e-01 9.41630005e-02 -2.87655735e-02 2.35091722e-01 9.69035783e-01 -7.54624839e-02 1.96793939e-01 -7.40583354e-02 9.52712996e-02 9.92688730e-01 -4.71028073e-01
9.68485242e-01 -2.30215520e-01 9.50243018e-02 -3.37504063e-02 2.37817691e-01 9.68144523e-01 -7.83074858e-02 2.00050513e-01 -7.39699041e-02 9.84384734e-02 9.92386316e-01 -4.75449574e-01
9.67184612e-01 -2.34364234e-01 9.80787764e-02 -3.76158470e-02 2.42405310e-01 9.66861626e-01 -8.00675003e-02 2.00462788e-01 -7.60639311e-02 1.01215264e-01 9.91948303e-01 -4.81710256e-01
9.65057128e-01 -2.42815141e-01 9.84785995e-02 -4.19138228e-02 2.50886466e-01 9.64704234e-01 -7.99666961e-02 1.98978828e-01 -7.55858622e-02 1.01879755e-01 9.91917036e-01 -4.87803802e-01
9.64579817e-01 -2.43107068e-01 1.02358932e-01 -4.27865609e-02 2.51605619e-01 9.64489100e-01 -8.03014774e-02 2.00330060e-01 -7.92025013e-02 1.03211640e-01 9.91497061e-01 -4.94553771e-01
9.63767901e-01 -2.47040023e-01 1.00572198e-01 -4.56653864e-02 2.55440923e-01 9.63384052e-01 -8.14480217e-02 2.02844060e-01 -7.67690010e-02 1.04187644e-01 9.91586303e-01 -4.99936037e-01
9.61083333e-01 -2.58698838e-01 9.68827762e-02 -5.39336263e-02 2.66969827e-01 9.59935174e-01 -8.51147582e-02 2.01824829e-01 -7.09823464e-02 1.07667547e-01 9.91645765e-01 -5.06153759e-01
9.59035839e-01 -2.64698565e-01 1.00879352e-01 -5.93939606e-02 2.73637811e-01 9.57765379e-01 -8.83166242e-02 2.01593880e-01 -7.32417674e-02 1.12303669e-01 9.90966527e-01 -5.12333350e-01
9.58134132e-01 -2.65580491e-01 1.06946420e-01 -6.04030817e-02 2.75157078e-01 9.57392165e-01 -8.76388071e-02 2.02406663e-01 -7.91148365e-02 1.13397255e-01 9.90390299e-01 -5.19705815e-01
9.57350606e-01 -2.67226524e-01 1.09826611e-01 -6.35686690e-02 2.76865883e-01 9.57189124e-01 -8.44173375e-02 2.04328068e-01 -8.25666273e-02 1.11224645e-01 9.90355098e-01 -5.27715323e-01
9.56086796e-01 -2.69325168e-01 1.15558239e-01 -6.86514170e-02 2.79632710e-01 9.56365486e-01 -8.46303253e-02 2.06222535e-01 -8.77231981e-02 1.13228231e-01 9.89684425e-01 -5.32902275e-01
9.54719647e-01 -2.70979743e-01 1.22766203e-01 -6.96983895e-02 2.82057881e-01 9.55711780e-01 -8.39605627e-02 2.08681093e-01 -9.45779159e-02 1.14786433e-01 9.88873014e-01 -5.38824577e-01
9.53450545e-01 -2.72190046e-01 1.29752121e-01 -6.93094760e-02 2.83985510e-01 9.55229648e-01 -8.29430479e-02 2.10646081e-01 -1.01367257e-01 1.15930309e-01 9.88066438e-01 -5.46758546e-01
9.53030153e-01 -2.71862139e-01 1.33474413e-01 -7.09256551e-02 2.83492848e-01 9.55848805e-01 -7.73034956e-02 2.12141366e-01 -1.06565945e-01 1.11512082e-01 9.88027903e-01 -5.55450542e-01
9.51621411e-01 -2.74853586e-01 1.37342528e-01 -7.43316827e-02 2.86486755e-01 9.55271465e-01 -7.32992831e-02 2.13817400e-01 -1.11053322e-01 1.09100471e-01 9.87802864e-01 -5.62409603e-01
9.50995892e-01 -2.74156986e-01 1.42952753e-01 -7.53261748e-02 2.85963172e-01 9.55712580e-01 -6.94950685e-02 2.14912716e-01 -1.17569691e-01 1.06969221e-01 9.87281821e-01 -5.67947706e-01
9.50357306e-01 -2.74220186e-01 1.47019501e-01 -7.65838579e-02 2.86016291e-01 9.55957631e-01 -6.58060729e-02 2.17006604e-01 -1.22499620e-01 1.04589745e-01 9.86937054e-01 -5.74583229e-01
9.49428384e-01 -2.73615663e-01 1.53982289e-01 -7.72975712e-02 2.85851043e-01 9.56164937e-01 -6.34710659e-02 2.18206978e-01 -1.29866379e-01 1.04277736e-01 9.86027705e-01 -5.82215563e-01
9.48052866e-01 -2.75646686e-01 1.58759559e-01 -7.96472488e-02 2.87664817e-01 9.55966710e-01 -5.80281142e-02 2.18852202e-01 -1.35774219e-01 1.00683789e-01 9.85605129e-01 -5.89362217e-01
9.46468048e-01 -2.77434924e-01 1.64978927e-01 -8.15641462e-02 2.89384205e-01 9.55742079e-01 -5.29568185e-02 2.18850666e-01 -1.42985880e-01 9.78647331e-02 9.84869058e-01 -5.96793003e-01
9.43234885e-01 -2.85787144e-01 1.69185232e-01 -8.43997264e-02 2.97228678e-01 9.53686182e-01 -4.61346401e-02 2.18257111e-01 -1.48165617e-01 9.38029998e-02 9.84498486e-01 -6.03985370e-01
9.40278505e-01 -2.92901312e-01 1.73422280e-01 -8.77764821e-02 3.03597899e-01 9.52031521e-01 -3.81462661e-02 2.18861529e-01 -1.53931077e-01 8.85192215e-02 9.84103178e-01 -6.11734352e-01
9.36926264e-01 -3.01382126e-01 1.76995956e-01 -9.43276682e-02 3.11689669e-01 9.49606548e-01 -3.29718333e-02 2.18099486e-01 -1.58140152e-01 8.60604603e-02 9.83653550e-01 -6.17897957e-01
9.34050540e-01 -3.08110210e-01 1.80574448e-01 -1.00492713e-01 3.18544319e-01 9.47388579e-01 -3.12138638e-02 2.18140457e-01 -1.61457675e-01 8.66767745e-02 9.83060129e-01 -6.25956783e-01
9.30969118e-01 -3.13758325e-01 1.86659154e-01 -1.05539717e-01 3.24779144e-01 9.45279244e-01 -3.09128664e-02 2.19242147e-01 -1.66746692e-01 8.94024262e-02 9.81932459e-01 -6.31341038e-01
9.29709062e-01 -3.14069751e-01 1.92329319e-01 -1.07018759e-01 3.25827741e-01 9.44879935e-01 -3.20641663e-02 2.20313420e-01 -1.71658578e-01 9.24770939e-02 9.80800662e-01 -6.36415601e-01
9.29096764e-01 -3.12623436e-01 1.97573922e-01 -1.09070213e-01 3.24719177e-01 9.45288550e-01 -3.12603848e-02 2.21196231e-01 -1.76992494e-01 9.32004698e-02 9.79783772e-01 -6.44505060e-01
9.27363458e-01 -3.12619719e-01 2.05559816e-01 -1.11934392e-01 3.25309352e-01 9.45118201e-01 -3.02465645e-02 2.20996575e-01 -1.84823588e-01 9.49206264e-02 9.78171114e-01 -6.52195531e-01
9.25499938e-01 -3.14885114e-01 2.10443603e-01 -1.13119086e-01 3.27982752e-01 9.44214549e-01 -2.95994178e-02 2.22697906e-01 -1.89384425e-01 9.64166744e-02 9.77151963e-01 -6.59843745e-01
9.23987563e-01 -3.17474822e-01 2.13180123e-01 -1.14308690e-01 3.30867352e-01 9.43213103e-01 -2.94160448e-02 2.24826373e-01 -1.91736432e-01 9.77149541e-02 9.76563968e-01 -6.67429471e-01
9.24338121e-01 -3.15395706e-01 2.14740461e-01 -1.16429977e-01 3.29321735e-01 9.43685775e-01 -3.15280113e-02 2.25408615e-01 -1.92704696e-01 9.98618372e-02 9.76156039e-01 -6.73409182e-01
9.23503296e-01 -3.15535866e-01 2.18099699e-01 -1.16233343e-01 3.29448858e-01 9.43700828e-01 -2.96917654e-02 2.29275499e-01 -1.96453071e-01 9.92737342e-02 9.75468525e-01 -6.77941540e-01
9.24651541e-01 -3.11476579e-01 2.19066138e-01 -1.14839584e-01 3.25079952e-01 9.45262689e-01 -2.81130772e-02 2.33387035e-01 -1.98319590e-01 9.72094393e-02 9.75298290e-01 -6.85032263e-01
9.21374628e-01 -3.19116807e-01 2.21858588e-01 -1.18317505e-01 3.33390048e-01 9.42332773e-01 -2.91311147e-02 2.30489450e-01 -1.99769527e-01 1.00806757e-01 9.74636942e-01 -6.91729533e-01
9.17917548e-01 -3.30581285e-01 2.19388238e-01 -1.24826545e-01 3.45624040e-01 9.37786520e-01 -3.30000497e-02 2.25724402e-01 -1.94831240e-01 1.06117857e-01 9.75072671e-01 -6.95726485e-01
9.15165622e-01 -3.38754503e-01 2.18415694e-01 -1.31141745e-01 3.53824161e-01 9.34730708e-01 -3.27977070e-02 2.26197061e-01 -1.93050569e-01 1.07296745e-01 9.75297981e-01 -7.01511549e-01
9.12958022e-01 -3.44036445e-01 2.19395417e-01 -1.34990519e-01 3.59282390e-01 9.32654555e-01 -3.25557954e-02 2.25002908e-01 -1.93420894e-01 1.08547665e-01 9.75085955e-01 -7.08823635e-01
9.11962794e-01 -3.46214097e-01 2.20107703e-01 -1.37462923e-01 3.61188180e-01 9.31986207e-01 -3.05462199e-02 2.26505764e-01 -1.94562945e-01 1.07357995e-01 9.74990460e-01 -7.14269275e-01
9.11022683e-01 -3.47264338e-01 2.22335552e-01 -1.40586608e-01 3.62575595e-01 9.31437266e-01 -3.08525873e-02 2.28176685e-01 -1.96378744e-01 1.08721510e-01 9.74475358e-01 -7.20186921e-01
9.10311756e-01 -3.47919095e-01 2.24215814e-01 -1.40030426e-01 3.63387558e-01 9.31132454e-01 -3.04931701e-02 2.27557827e-01 -1.98166665e-01 1.09236178e-01 9.74055667e-01 -7.25736338e-01
9.11259783e-01 -3.47615889e-01 2.20810172e-01 -1.42159977e-01 3.62444802e-01 9.31539206e-01 -2.92710908e-02 2.29274467e-01 -1.95519382e-01 1.06705670e-01 9.74871056e-01 -7.33425736e-01
9.10994068e-01 -3.46667528e-01 2.23381610e-01 -1.45441855e-01 3.60890901e-01 9.32266653e-01 -2.49918849e-02 2.33735926e-01 -1.99588551e-01 1.03384458e-01 9.74404014e-01 -7.41495841e-01
9.10851561e-01 -3.49324150e-01 2.19794901e-01 -1.49008386e-01 3.63396769e-01 9.31268651e-01 -2.58680892e-02 2.36731263e-01 -1.95652966e-01 1.03435360e-01 9.75196358e-01 -7.47778292e-01
9.09825910e-01 -3.50438993e-01 2.22253872e-01 -1.48945531e-01 3.64336807e-01 9.30962319e-01 -2.35648494e-02 2.33111883e-01 -1.98653194e-01 1.02415804e-01 9.74697126e-01 -7.54496299e-01
9.08136133e-01 -3.51029183e-01 2.28154956e-01 -1.46138074e-01 3.64164494e-01 9.31175671e-01 -1.68344448e-02 2.24547570e-01 -2.06544312e-01 9.83745144e-02 9.73472226e-01 -7.62028371e-01
9.06752137e-01 -3.52690568e-01 2.31078376e-01 -1.47871518e-01 3.65043663e-01 9.30911207e-01 -1.15988322e-02 2.17230312e-01 -2.11024034e-01 9.48715451e-02 9.72858966e-01 -7.66704467e-01
9.04816701e-01 -3.53950116e-01 2.36670774e-01 -1.52040273e-01 3.66315702e-01 9.30440479e-01 -8.95243281e-03 2.16362685e-01 -2.17040808e-01 9.47971318e-02 9.71541438e-01 -7.72558475e-01
9.04081839e-01 -3.55056596e-01 2.37819854e-01 -1.55229034e-01 3.66787872e-01 9.30281627e-01 -5.48049653e-03 2.16596946e-01 -2.19294948e-01 9.21848127e-02 9.71286918e-01 -7.80318891e-01
9.04955727e-01 -3.53301707e-01 2.37107721e-01 -1.56929069e-01 3.64087934e-01 9.31355752e-01 -1.82886756e-03 2.15714165e-01 -2.20186952e-01 8.79836620e-02 9.71474475e-01 -7.88481807e-01
9.05753476e-01 -3.50234408e-01 2.38606416e-01 -1.61265029e-01 3.60295044e-01 9.32829833e-01 1.55420844e-03 2.15514886e-01 -2.23125044e-01 8.45615403e-02 9.71107678e-01 -7.95360757e-01
9.04463328e-01 -3.49131066e-01 2.45030417e-01 -1.62992113e-01 3.59445832e-01 9.33154348e-01 2.80709142e-03 2.16411474e-01 -2.29632799e-01 8.55368164e-02 9.69503906e-01 -8.01534982e-01
9.04561165e-01 -3.46664429e-01 2.48150801e-01 -1.64219097e-01 3.56069918e-01 9.34422111e-01 7.43168844e-03 2.15682361e-01 -2.34455559e-01 8.16371675e-02 9.68685261e-01 -8.09430846e-01
9.04295389e-01 -3.46678544e-01 2.49098568e-01 -1.65575277e-01 3.54211414e-01 9.35030638e-01 1.54298838e-02 2.13943574e-01 -2.38265628e-01 7.42808725e-02 9.68347773e-01 -8.17252072e-01
9.05810123e-01 -3.44904004e-01 2.46039718e-01 -1.65268587e-01 3.50635145e-01 9.36256074e-01 2.15812021e-02 2.15295147e-01 -2.37801237e-01 6.67221421e-02 9.69012027e-01 -8.26119829e-01
9.06866163e-01 -3.43138043e-01 2.44614644e-01 -1.66147214e-01 3.47919345e-01 9.37188740e-01 2.48106676e-02 2.14078996e-01 -2.37765167e-01 6.26066210e-02 9.69295550e-01 -8.34968362e-01
9.06734803e-01 -3.44447551e-01 2.43257634e-01 -1.68664501e-01 3.48043603e-01 9.37007786e-01 2.94631449e-02 2.16070553e-01 -2.38084458e-01 5.79493752e-02 9.69506725e-01 -8.41384727e-01
9.06520012e-01 -3.46520063e-01 2.41105440e-01 -1.72551141e-01 3.49447526e-01 9.36403930e-01 3.19438922e-02 2.17129605e-01 -2.36842876e-01 5.52962765e-02 9.69965763e-01 -8.48156227e-01
9.05498892e-01 -3.52419106e-01 2.36346433e-01 -1.77632544e-01 3.54130712e-01 9.34470680e-01 3.66439849e-02 2.15837204e-01 -2.33774418e-01 5.05167578e-02 9.70970463e-01 -8.54585266e-01
9.05919526e-01 -3.57530692e-01 2.26866233e-01 -1.81098209e-01 3.57771560e-01 9.32878048e-01 4.15251316e-02 2.17258329e-01 -2.26486619e-01 4.35481385e-02 9.73032902e-01 -8.63443409e-01
9.06251999e-01 -3.58893229e-01 2.23359458e-01 -1.83499653e-01 3.57601636e-01 9.32649985e-01 4.76580217e-02 2.19798711e-01 -2.25421907e-01 3.66837725e-02 9.73562935e-01 -8.70692070e-01
9.06226743e-01 -3.60204248e-01 2.21342022e-01 -1.86110285e-01 3.58840909e-01 9.32166561e-01 4.77970985e-02 2.19158233e-01 -2.23545942e-01 3.61117994e-02 9.74016729e-01 -8.78262531e-01
9.05717256e-01 -3.60972920e-01 2.22173305e-01 -1.85540853e-01 3.58320682e-01 9.32051022e-01 5.35993465e-02 2.17944193e-01 -2.26426404e-01 3.10636427e-02 9.73525240e-01 -8.85819890e-01
9.07748582e-01 -3.56718013e-01 2.20751061e-01 -1.84976094e-01 3.53783302e-01 9.33754394e-01 5.40928328e-02 2.18860355e-01 -2.25424758e-01 2.89955396e-02 9.73821490e-01 -8.93577629e-01
9.08142508e-01 -3.57884991e-01 2.17213419e-01 -1.88232385e-01 3.54466901e-01 9.33389280e-01 5.58889983e-02 2.19567988e-01 -2.22748096e-01 2.62399710e-02 9.74515231e-01 -9.01340942e-01
9.06601897e-01 -3.64200504e-01 2.13112688e-01 -1.93956795e-01 3.61010395e-01 9.30922817e-01 5.51358377e-02 2.20996736e-01 -2.18473492e-01 2.69498204e-02 9.75463218e-01 -9.07789867e-01
9.04629056e-01 -3.70381011e-01 2.10830751e-01 -2.00673245e-01 3.67148218e-01 9.28480774e-01 5.57745773e-02 2.18100574e-01 -2.16411714e-01 2.69510189e-02 9.75922401e-01 -9.13899361e-01
9.01466038e-01 -3.78963496e-01 2.09120161e-01 -2.09981214e-01 3.76009240e-01 9.24956092e-01 5.53047060e-02 2.15898509e-01 -2.14386989e-01 2.87759992e-02 9.76317103e-01 -9.18889586e-01
9.00114490e-01 -3.81669362e-01 2.10019580e-01 -2.18240872e-01 3.78878095e-01 9.23802190e-01 5.50123689e-02 2.15622251e-01 -2.15014643e-01 3.00545932e-02 9.76140625e-01 -9.25459954e-01
8.98931822e-01 -3.83942052e-01 2.10939451e-01 -2.21108775e-01 3.80790029e-01 9.22892154e-01 5.70453344e-02 2.15052754e-01 -2.16578064e-01 2.90439808e-02 9.75825313e-01 -9.32160961e-01
8.99414180e-01 -3.82608331e-01 2.11304873e-01 -2.23537611e-01 3.78395346e-01 9.23577913e-01 6.16869913e-02 2.15938334e-01 -2.18760152e-01 2.44748072e-02 9.75463506e-01 -9.39696577e-01
9.00382692e-01 -3.80399860e-01 2.11167494e-01 -2.26515272e-01 3.75494132e-01 9.24570105e-01 6.44897521e-02 2.14914347e-01 -2.19772701e-01 2.12268568e-02 9.75312010e-01 -9.46609836e-01
9.00790398e-01 -3.80347096e-01 2.09518708e-01 -2.26726352e-01 3.75395959e-01 9.24607706e-01 6.45246981e-02 2.14200000e-01 -2.18266056e-01 2.05293949e-02 9.75665340e-01 -9.53941515e-01
9.02115860e-01 -3.77953488e-01 2.08142688e-01 -2.28490913e-01 3.72082763e-01 9.25680028e-01 6.82344504e-02 2.14434899e-01 -2.18464609e-01 1.58910425e-02 9.75707499e-01 -9.62550953e-01
9.04648893e-01 -3.72768245e-01 2.06493679e-01 -2.28392344e-01 3.67106228e-01 9.27785656e-01 6.65736467e-02 2.14629928e-01 -2.16400008e-01 1.55794519e-02 9.76172589e-01 -9.70761360e-01
9.06961871e-01 -3.68023374e-01 2.04851506e-01 -2.29131336e-01 3.62326963e-01 9.29698450e-01 6.60685148e-02 2.14782672e-01 -2.14766483e-01 1.43017046e-02 9.76552699e-01 -9.79233847e-01
9.06245203e-01 -3.71726207e-01 2.01306473e-01 -2.32005409e-01 3.65307460e-01 9.28275054e-01 6.95765642e-02 2.17608607e-01 -2.12732821e-01 1.04854094e-02 9.77045959e-01 -9.87031822e-01
9.03265178e-01 -3.82463401e-01 1.94468594e-01 -2.36583519e-01 3.75990912e-01 9.23915343e-01 7.06776486e-02 2.20005007e-01 -2.06705825e-01 9.27784141e-03 9.78350507e-01 -9.93464810e-01
8.97183400e-01 -3.98372450e-01 1.90645887e-01 -2.47675535e-01 3.91276812e-01 9.17187377e-01 7.51937755e-02 2.20956847e-01 -2.04814753e-01 7.13276941e-03 9.78766369e-01 -9.98655541e-01
8.89955454e-01 -4.14530621e-01 1.90074352e-01 -2.61936810e-01 4.07425953e-01 9.09982445e-01 7.69435273e-02 2.19038942e-01 -2.04861419e-01 8.96498838e-03 9.78741546e-01 -1.00342973e+00
8.86560769e-01 -4.22080904e-01 1.89319467e-01 -2.70653933e-01 4.14830015e-01 9.06504340e-01 7.84203638e-02 2.15836233e-01 -2.04720333e-01 9.01105879e-03 9.78770480e-01 -1.01012363e+00
8.84870354e-01 -4.26771130e-01 1.86694794e-01 -2.71682194e-01 4.18744862e-01 9.04335930e-01 8.25407458e-02 2.15079956e-01 -2.04062514e-01 5.13967823e-03 9.78935734e-01 -1.01907841e+00
8.84164568e-01 -4.31201624e-01 1.79727258e-01 -2.70073125e-01 4.22994140e-01 9.02244108e-01 8.37549615e-02 2.18651873e-01 -1.98274814e-01 1.97043621e-03 9.80135702e-01 -1.02994337e+00
8.83802109e-01 -4.32474938e-01 1.78447301e-01 -2.70490881e-01 4.23618055e-01 9.01635784e-01 8.70886652e-02 2.17649074e-01 -1.98559776e-01 -1.37564417e-03 9.80079284e-01 -1.03838772e+00
8.84544263e-01 -4.29440765e-01 1.82060820e-01 -2.71584650e-01 4.19372367e-01 9.03068653e-01 9.26145587e-02 2.15202901e-01 -2.04187597e-01 -5.57042931e-03 9.78907274e-01 -1.04674839e+00
8.86912902e-01 -4.23756040e-01 1.83848519e-01 -2.69911967e-01 4.12898656e-01 9.05722506e-01 9.57342357e-02 2.19229904e-01 -2.07085429e-01 -8.99717990e-03 9.78272794e-01 -1.05602376e+00
8.86027822e-01 -4.25863988e-01 1.83245017e-01 -2.71519935e-01 4.15766811e-01 9.04760523e-01 9.23589656e-02 2.19329427e-01 -2.05126914e-01 -5.64544757e-03 9.78710475e-01 -1.06388593e+00
8.78748646e-01 -4.41792186e-01 1.80566821e-01 -2.81323259e-01 4.32079726e-01 8.97103259e-01 9.21765168e-02 2.14685648e-01 -2.02711628e-01 -2.98073539e-03 9.79225223e-01 -1.06732573e+00
8.68358134e-01 -4.61673515e-01 1.81095594e-01 -3.00513934e-01 4.53254871e-01 8.87022147e-01 8.79504558e-02 2.08300063e-01 -2.01241891e-01 5.71002768e-03 9.79516195e-01 -1.06935406e+00
8.60521620e-01 -4.74990816e-01 1.84038965e-01 -3.12356615e-01 4.66766386e-01 8.79927876e-01 8.85431489e-02 2.05529176e-01 -2.03999867e-01 9.71000211e-03 9.78914153e-01 -1.07585034e+00
8.59139590e-01 -4.76984966e-01 1.85332397e-01 -3.14128627e-01 4.68172556e-01 8.78864928e-01 9.16197645e-02 2.05411753e-01 -2.06585129e-01 8.05345768e-03 9.78386683e-01 -1.08571688e+00
8.58554997e-01 -4.79049091e-01 1.82698167e-01 -3.14037098e-01 4.69017280e-01 8.77776132e-01 9.75439662e-02 2.04460763e-01 -2.07098231e-01 1.94177257e-03 9.78309222e-01 -1.09384028e+00
8.58308751e-01 -4.78028476e-01 1.86488388e-01 -3.15146316e-01 4.67735043e-01 8.78330828e-01 9.86998589e-02 2.04876929e-01 -2.10981668e-01 2.51224092e-03 9.77477689e-01 -1.10414710e+00
8.59819509e-01 -4.74739600e-01 1.87924373e-01 -3.12761461e-01 4.61640777e-01 8.80072542e-01 1.11097343e-01 2.08257816e-01 -2.18131317e-01 -8.77016309e-03 9.75870751e-01 -1.11282654e+00
8.60570541e-01 -4.71114971e-01 1.93524990e-01 -3.07230957e-01 4.56817271e-01 8.81990901e-01 1.15726473e-01 2.12283661e-01 -2.25209705e-01 -1.11853092e-02 9.74236953e-01 -1.12540733e+00
8.56009733e-01 -4.77758576e-01 1.97424990e-01 -3.15988545e-01 4.63636330e-01 8.78450091e-01 1.15538264e-01 2.06600328e-01 -2.28629398e-01 -7.36852299e-03 9.73476328e-01 -1.13224981e+00
8.40674373e-01 -5.06694633e-01 1.91074499e-01 -3.49312996e-01 4.96038821e-01 8.62081157e-01 1.03651229e-01 1.89851282e-01 -2.17243180e-01 7.64352487e-03 9.76078206e-01 -1.12545955e+00
8.27641670e-01 -5.29182164e-01 1.86968733e-01 -3.68577657e-01 5.20025854e-01 8.48362112e-01 9.91786449e-02 1.83916172e-01 -2.11102681e-01 1.51443536e-02 9.77336921e-01 -1.12808492e+00
8.24155494e-01 -5.33418171e-01 1.90300839e-01 -3.72231289e-01 5.23087012e-01 8.45743698e-01 1.05256343e-01 1.83269653e-01 -2.17093405e-01 1.27964419e-02 9.76057169e-01 -1.13677310e+00
8.22625710e-01 -5.34134588e-01 1.94855137e-01 -3.75887927e-01 5.22042097e-01 8.45345442e-01 1.13332081e-01 1.82990893e-01 -2.25256600e-01 8.49280004e-03 9.74252569e-01 -1.14583527e+00
8.21426752e-01 -5.33162247e-01 2.02428693e-01 -3.76746766e-01 5.19473195e-01 8.45977372e-01 1.20211823e-01 1.83921699e-01 -2.35344683e-01 6.41115271e-03 9.71880951e-01 -1.15396052e+00
8.29516027e-01 -5.22964597e-01 1.95939426e-01 -3.70003302e-01 5.07034378e-01 8.52313751e-01 1.28289762e-01 1.86051746e-01 -2.34095046e-01 -7.07043238e-03 9.72178050e-01 -1.16766203e+00
8.28274980e-01 -5.20566210e-01 2.07249169e-01 -3.68064561e-01 5.04356299e-01 8.53806773e-01 1.28915522e-01 1.85647238e-01 -2.44062152e-01 -2.25007761e-03 9.69746847e-01 -1.18130018e+00
8.11047338e-01 -5.49339423e-01 2.01020305e-01 -3.94624044e-01 5.35619341e-01 8.35544401e-01 1.22302323e-01 1.68191455e-01 -2.35149193e-01 8.47749275e-03 9.71912005e-01 -1.17533105e+00
7.96014243e-01 -5.70994550e-01 2.00766838e-01 -4.20018432e-01 5.59615045e-01 8.20683641e-01 1.15281479e-01 1.54041538e-01 -2.30593398e-01 2.05866627e-02 9.72822158e-01 -1.17442257e+00
7.90310404e-01 -5.75571449e-01 2.10017967e-01 -4.22734629e-01 5.62943090e-01 8.17445974e-01 1.21890701e-01 1.48429492e-01 -2.41837547e-01 2.18969067e-02 9.70059285e-01 -1.18120587e+00
7.97361528e-01 -5.65931911e-01 2.09560988e-01 -4.17285793e-01 5.51434860e-01 8.24328991e-01 1.27988858e-01 1.54056632e-01 -2.45182594e-01 1.35059971e-02 9.69372366e-01 -1.19146669e+00
8.01178176e-01 -5.61162040e-01 2.07824581e-01 -4.14195658e-01 5.43772091e-01 8.27691557e-01 1.38631505e-01 1.57418244e-01 -2.49811809e-01 1.94071223e-03 9.68282098e-01 -1.20488173e+00
7.94381272e-01 -5.70701237e-01 2.07940031e-01 -4.17325724e-01 5.52238967e-01 8.21145617e-01 1.43987319e-01 1.53169665e-01 -2.52925202e-01 4.51787143e-04 9.67475411e-01 -1.21454265e+00
7.78241233e-01 -5.92932995e-01 2.06764498e-01 -4.40004833e-01 5.76179663e-01 8.05178088e-01 1.40305091e-01 1.35644641e-01 -2.49676164e-01 9.94241079e-03 9.68267995e-01 -1.20921522e+00
7.57460004e-01 -6.20380977e-01 2.03375936e-01 -4.68288699e-01 6.06519971e-01 7.83949044e-01 1.32428020e-01 1.11543246e-01 -2.41594553e-01 2.30428870e-02 9.70093149e-01 -1.20312317e+00
7.45106925e-01 -6.36768081e-01 1.98298529e-01 -4.79902460e-01 6.23006869e-01 7.70673719e-01 1.33807635e-01 1.00524244e-01 -2.38030192e-01 2.38406056e-02 9.70954677e-01 -1.20650001e+00
7.44860353e-01 -6.39856358e-01 1.89069420e-01 -4.80930322e-01 6.25489106e-01 7.68292886e-01 1.35902953e-01 1.01008572e-01 -2.32221248e-01 1.70323316e-02 9.72503516e-01 -1.21394310e+00
7.45027367e-01 -6.41894253e-01 1.81344635e-01 -4.82054145e-01 6.27158201e-01 7.66693795e-01 1.37233036e-01 1.03057091e-01 -2.27127147e-01 1.14895472e-02 9.73786685e-01 -1.22232018e+00
7.55703844e-01 -6.34268118e-01 1.63080742e-01 -4.72010816e-01 6.18338303e-01 7.73076492e-01 1.41385832e-01 1.10773901e-01 -2.15752546e-01 -6.00678045e-03 9.76418963e-01 -1.23626140e+00
7.56433199e-01 -6.38171589e-01 1.43270363e-01 -4.71780947e-01 6.21390466e-01 7.69560502e-01 1.47074438e-01 1.13501294e-01 -2.04115885e-01 -2.22253382e-02 9.78684123e-01 -1.24694966e+00
7.40936808e-01 -6.56883545e-01 1.39631273e-01 -4.79391110e-01 6.41360775e-01 7.53802058e-01 1.42894514e-01 1.02148493e-01 -1.99121318e-01 -1.63219159e-02 9.79828552e-01 -1.25063995e+00
7.14352524e-01 -6.85159712e-01 1.42256494e-01 -5.03547425e-01 6.70565549e-01 7.28360974e-01 1.40755889e-01 7.50186247e-02 -2.00056256e-01 -5.15704970e-03 9.79760421e-01 -1.24344245e+00
6.95570800e-01 -7.06287005e-01 1.31605771e-01 -5.28170482e-01 6.93339960e-01 7.07907345e-01 1.34635965e-01 5.57120863e-02 -1.88258154e-01 -2.40130625e-03 9.82106190e-01 -1.24309532e+00
6.91041719e-01 -7.12963975e-01 1.18844411e-01 -5.33707520e-01 6.99080999e-01 7.01043314e-01 1.40727069e-01 5.15807757e-02 -1.83650185e-01 -1.41665205e-02 9.82879174e-01 -1.24972711e+00
6.90057288e-01 -7.16770975e-01 1.00201537e-01 -5.30671764e-01 7.03499692e-01 6.96812049e-01 1.39717577e-01 5.13314322e-02 -1.69968835e-01 -2.59216041e-02 9.85097992e-01 -1.25836323e+00
6.87448013e-01 -7.21806509e-01 7.99411725e-02 -5.27811387e-01 7.08932519e-01 6.90880009e-01 1.41701472e-01 4.74950985e-02 -1.57512358e-01 -4.07398588e-02 9.86665956e-01 -1.26700321e+00
6.92791088e-01 -7.18719618e-01 5.88443561e-02 -5.19822606e-01 7.06809992e-01 6.92951966e-01 1.42186711e-01 5.07903030e-02 -1.42970116e-01 -5.69144319e-02 9.88078803e-01 -1.27871519e+00
6.90706613e-01 -7.22185607e-01 3.67661633e-02 -5.17991529e-01 7.11680089e-01 6.87907360e-01 1.42387373e-01 5.38572375e-02 -1.28123129e-01 -7.21828400e-02 9.89117361e-01 -1.28998611e+00
6.85608527e-01 -7.27681084e-01 2.00146665e-02 -5.26371149e-01 7.16939499e-01 6.79742040e-01 1.54685931e-01 5.49856892e-02 -1.26168116e-01 -9.17055655e-02 9.87750412e-01 -1.29987732e+00
6.73297581e-01 -7.39356429e-01 1.32668826e-03 -5.32325725e-01 7.30301862e-01 6.65329200e-01 1.54839951e-01 5.21179373e-02 -1.15365785e-01 -1.03285480e-01 9.87928032e-01 -1.30815582e+00
6.67500753e-01 -7.44361027e-01 -1.86866348e-02 -5.35942793e-01 7.37768499e-01 6.57781285e-01 1.51660759e-01 4.88637876e-02 -1.00599637e-01 -1.15021207e-01 9.88245469e-01 -1.31610042e+00
6.42027148e-01 -7.66188337e-01 -2.71390628e-02 -5.52231611e-01 7.59845814e-01 6.31202076e-01 1.55557133e-01 3.29494056e-02 -1.02056834e-01 -1.20494572e-01 9.87443619e-01 -1.31942748e+00
6.06008673e-01 -7.94861644e-01 -3.04636958e-02 -5.74797851e-01 7.89520806e-01 5.96387977e-01 1.44767688e-01 -3.40672154e-03 -9.69030724e-02 -1.11783275e-01 9.88986126e-01 -1.31529170e+00
5.94280056e-01 -8.02808612e-01 -4.80589551e-02 -5.81276756e-01 8.00032453e-01 5.84001071e-01 1.37370817e-01 -1.76347441e-02 -8.22167961e-02 -1.20086603e-01 9.89342852e-01 -1.32005679e+00
5.90892823e-01 -8.03550205e-01 -7.16391859e-02 -5.78981086e-01 8.04128983e-01 5.79519880e-01 1.32334905e-01 -1.64523690e-02 -6.48220757e-02 -1.35804264e-01 9.88601968e-01 -1.33191546e+00
5.93634633e-01 -7.99140870e-01 -9.46113316e-02 -5.68161760e-01 8.03306918e-01 5.81511057e-01 1.28538687e-01 -1.21620304e-02 -4.77034707e-02 -1.52308487e-01 9.87170320e-01 -1.34254269e+00
6.05294053e-01 -7.85712429e-01 -1.27493061e-01 -5.53810903e-01 7.95716034e-01 5.93079311e-01 1.22768370e-01 1.59171286e-03 -2.08473589e-02 -1.75761029e-01 9.84201230e-01 -1.35524689e+00
5.97380724e-01 -7.87509775e-01 -1.51473660e-01 -5.64832327e-01 8.01854845e-01 5.83725169e-01 1.27566475e-01 -2.62079833e-03 -1.20409909e-02 -1.97667608e-01 9.80184352e-01 -1.36529442e+00
5.86283901e-01 -7.92392524e-01 -1.68417729e-01 -5.82374969e-01 8.10090876e-01 5.72997467e-01 1.24119840e-01 -8.79305960e-03 -1.84873467e-03 -2.09205246e-01 9.77859042e-01 -1.37348318e+00
5.66514753e-01 -8.01052703e-01 -1.93273266e-01 -5.93751033e-01 8.23916155e-01 5.54677545e-01 1.16076218e-01 -1.25893295e-02 1.42213032e-02 -2.25002195e-01 9.74243261e-01 -1.38258656e+00
5.48726215e-01 -8.10699061e-01 -2.04072775e-01 -5.99298124e-01 8.35734276e-01 5.37996704e-01 1.09939216e-01 -2.80977804e-02 2.06630556e-02 -2.30879509e-01 9.72751835e-01 -1.38804969e+00
5.24508028e-01 -8.26851803e-01 -2.02943904e-01 -6.08884934e-01 8.51272034e-01 5.13335087e-01 1.08634685e-01 -6.15518669e-02 1.43535678e-02 -2.29742625e-01 9.73134390e-01 -1.38858260e+00
5.06267207e-01 -8.35259482e-01 -2.14508263e-01 -6.15962154e-01 8.62020823e-01 4.97180138e-01 9.85420042e-02 -7.97696499e-02 2.43413447e-02 -2.34801583e-01 9.71727272e-01 -1.39432586e+00
4.98523064e-01 -8.33692780e-01 -2.37507306e-01 -6.12271801e-01 8.65855608e-01 4.92101129e-01 9.00498027e-02 -8.13094327e-02 4.18041704e-02 -2.50541537e-01 9.67191490e-01 -1.40497411e+00
4.98370693e-01 -8.26508749e-01 -2.61703013e-01 -5.98490414e-01 8.64954910e-01 4.94503366e-01 8.54268891e-02 -7.93816860e-02 5.88075580e-02 -2.68938374e-01 9.61348914e-01 -1.41334217e+00
5.00339098e-01 -8.15082742e-01 -2.92025954e-01 -5.88347945e-01 8.62648831e-01 4.98124462e-01 8.76766030e-02 -7.27434578e-02 7.40023787e-02 -2.95787005e-01 9.52371354e-01 -1.42334125e+00
5.00802581e-01 -8.06547990e-01 -3.14094460e-01 -5.94562827e-01 8.61020647e-01 5.01294153e-01 8.55897616e-02 -6.81735962e-02 8.84224092e-02 -3.13308790e-01 9.45513818e-01 -1.43673666e+00
4.77528726e-01 -8.14528082e-01 -3.29375705e-01 -6.09290488e-01 8.73374475e-01 4.80907936e-01 7.69577170e-02 -7.00843495e-02 9.57162040e-02 -3.24421361e-01 9.41045354e-01 -1.44937207e+00
4.44443399e-01 -8.31156483e-01 -3.34105776e-01 -6.23533078e-01 8.91143505e-01 4.48189383e-01 7.04775926e-02 -8.48521415e-02 9.11657485e-02 -3.29063100e-01 9.39884657e-01 -1.45784336e+00
4.16444921e-01 -8.44368944e-01 -3.37034234e-01 -6.39314135e-01 9.05576150e-01 4.18082305e-01 7.15259035e-02 -1.21171895e-01 8.05146654e-02 -3.35000567e-01 9.38759055e-01 -1.46290099e+00
3.91868676e-01 -8.57200314e-01 -3.34101260e-01 -6.50369256e-01 9.16576923e-01 3.95090783e-01 6.13751490e-02 -1.54680374e-01 7.93904134e-02 -3.30284236e-01 9.40524207e-01 -1.46720550e+00
3.76340797e-01 -8.60467779e-01 -3.43423338e-01 -6.48267124e-01 9.23014113e-01 3.80207773e-01 5.88516688e-02 -1.68017810e-01 7.99331535e-02 -3.39136773e-01 9.37322209e-01 -1.47253994e+00
3.72874790e-01 -8.55945615e-01 -3.58187668e-01 -6.45389127e-01 9.23117831e-01 3.81225640e-01 4.99702497e-02 -1.66393109e-01 9.37795567e-02 -3.49286149e-01 9.32298480e-01 -1.48264542e+00
