9.82385427e-01 -1.54729080e-01 -1.04774782e-01 2.44897459e+00 -1.61475563e-01 -4.20727277e-01 -8.92700433e-01 1.48568044e+01 9.40451105e-02 8.93894520e-01 -4.38301347e-01 4.97719564e+00
9.67706760e-01 -1.66541504e-01 1.89228844e-01 1.27762187e+00 -2.51969710e-01 -6.16998791e-01 7.45535891e-01 4.25288104e+00 -7.40869982e-03 -7.69140116e-01 -6.39037355e-01 1.64436601e+01
9.75883415e-01 1.48266328e-01 1.60215626e-01 -1.74833606e-01 -1.88365844e-01 9.42869886e-01 2.74799705e-01 -2.06239199e+00 -1.10318909e-01 -2.98351549e-01 9.48059246e-01 2.64367081e+00
9.99986000e-01 -4.45668771e-03 -2.85979981e-03 2.07226070e+00 -3.18470018e-03 -7.46790004e-02 -9.97202474e-01 1.29952024e+01 4.23067106e-03 9.97197603e-01 -7.46921824e-02 1.53124701e+00
9.65217906e-01 -8.81328148e-02 2.46144678e-01 4.05599519e-01 -1.77896399e-01 -9.11314283e-01 3.71294158e-01 9.09647910e+00 1.91591934e-01 -4.02167982e-01 -8.95295193e-01 1.62417894e+01
9.21756325e-01 2.45638240e-01 3.00046001e-01 -2.97036370e+00 -3.81560137e-01 7.12473229e-01 5.88892260e-01 -2.59518794e+00 -6.91202439e-02 -6.57300568e-01 7.50452222e-01 6.14782540e+00
9.67868765e-01 1.99300061e-01 1.53330908e-01 -3.31464574e+00 6.87795778e-02 3.76691992e-01 -9.23782101e-01 9.88911861e+00 -2.41868207e-01 9.04645338e-01 3.50880515e-01 -1.31787144e+00
9.43895474e-01 -3.61509182e-03 3.30225853e-01 -4.75736782e+00 4.14143096e-02 -9.90750835e-01 -1.29221905e-01 1.44544459e+01 3.27638520e-01 1.35648037e-01 -9.35014972e-01 1.29302711e+01
8.76377871e-01 2.69825064e-01 3.98944860e-01 -9.63839388e+00 -4.61665759e-01 2.34646406e-01 8.55457109e-01 -1.57410950e+00 1.37212726e-01 -9.33882348e-01 3.30207654e-01 1.09598037e+01
9.30205099e-01 3.52209895e-01 1.03283269e-01 -1.04791863e+01 -1.93142784e-01 7.08993133e-01 -6.78251723e-01 6.64826979e+00 -3.12113956e-01 6.10964447e-01 7.27535499e-01 -2.68060080e+00
9.92801157e-01 2.50050223e-02 1.17138083e-01 -1.08108217e+01 8.70569613e-02 -8.22331792e-01 -5.62309663e-01 1.69208141e+01 8.22656900e-02 5.68459170e-01 -8.18588421e-01 7.97634120e+00
9.25117833e-01 1.62307390e-01 3.43240461e-01 -1.72334955e+01 -2.78587494e-01 -3.24046017e-01 9.04092961e-01 3.26160824e+00 2.57966550e-01 -9.32014519e-01 -2.54563882e-01 1.45428530e+01
8.95811762e-01 3.05919658e-01 3.22389501e-01 -2.19651541e+01 -2.96868148e-01 9.51711881e-01 -7.81955571e-02 1.38946588e+00 -3.30743328e-01 -2.56587521e-02 9.43372139e-01 -1.84604707e+00
8.73639416e-01 7.10178114e-02 4.81363538e-01 -2.47800079e+01 4.82597739e-01 -2.52687140e-01 -8.38599452e-01 1.77658403e+01 6.20787670e-02 9.64938243e-01 -2.55030413e-01 -5.10706115e-01
5.44251613e-01 1.69912238e-01 8.21535487e-01 -3.30743565e+01 -1.95376699e-01 -9.26676408e-01 3.21091001e-01 1.49650007e+01 8.15854521e-01 -3.35263015e-01 -4.71148170e-01 1.20089427e+01
4.96348195e-01 3.35491477e-01 8.00677699e-01 -4.06967502e+01 -8.63653974e-01 2.84305206e-01 4.16261092e-01 2.04352897e+00 -8.79847101e-02 -8.98118456e-01 4.30862636e-01 9.23559848e+00
5.06502844e-01 3.35073702e-01 7.94468934e-01 -4.65853663e+01 2.86947531e-01 8.03378364e-01 -5.21770839e-01 8.94296969e+00 -8.13090601e-01 4.92249114e-01 3.10764738e-01 -6.24361477e+00
1.35487888e-01 1.57068883e-02 9.90654820e-01 -5.47875998e+01 9.08320594e-01 -4.01325789e-01 -1.17864474e-01 2.07584194e+01 3.95723937e-01 9.15800939e-01 -6.86416700e-02 -5.88971984e+00
-2.81009743e-01 -1.29494270e-01 9.50928771e-01 -6.44038242e+01 -7.31757015e-02 -9.85079722e-01 -1.55769032e-01 2.84969020e+01 9.56911421e-01 -1.13357575e-01 2.67341057e-01 2.94687844e+00
-5.31115659e-01 4.62793205e-01 7.09745963e-01 -7.79395723e+01 -8.16680178e-01 -5.64576365e-02 -5.74322965e-01 2.45159028e+01 -2.25722126e-01 -8.84666996e-01 4.07939350e-01 4.41835976e-01
-3.68098483e-02 8.95732165e-01 4.43067985e-01 -8.54527153e+01 4.33112156e-01 4.13863086e-01 -8.00707017e-01 3.54852647e+01 -9.00588293e-01 1.62424239e-01 -4.03186628e-01 -2.57372848e+00
5.85940814e-02 7.44265174e-01 6.65309324e-01 -9.81863894e+01 9.68672861e-01 -2.03500985e-01 1.42340028e-01 3.67153663e+01 2.41329824e-01 6.36126683e-01 -7.32873136e-01 6.88721374e+00
-1.83432254e-01 6.30854784e-01 7.53906884e-01 -1.12048307e+02 -2.20696349e-01 -7.73770544e-01 5.93778786e-01 2.81284695e+01 9.57938514e-01 -5.74662413e-02 2.81161748e-01 6.78717727e+00
-2.63654108e-01 7.17596028e-01 6.44626437e-01 -1.23671461e+02 -8.63296067e-01 1.22609370e-01 -4.89579087e-01 2.96765027e+01 -4.30357028e-01 -6.85582570e-01 5.87171042e-01 -3.61082455e+00
-1.56582320e-01 6.91097249e-01 7.05596995e-01 -1.35479178e+02 4.19967733e-01 6.93195754e-01 -5.85753787e-01 3.87801130e+01 -8.93929239e-01 2.04609281e-01 -3.98780544e-01 -3.07456146e+00
-2.42421162e-01 6.51235012e-01 7.19114330e-01 -1.47304297e+02 8.39407446e-01 -2.30855797e-01 4.92037910e-01 3.55966312e+01 4.86443925e-01 7.22910111e-01 -4.90687003e-01 6.57710204e+00
-2.69421350e-01 5.52662972e-01 7.88654803e-01 -1.58429716e+02 1.95425583e-01 -7.70521620e-01 6.06717430e-01 2.71049712e+01 9.42985389e-01 3.17585851e-01 9.95905298e-02 6.79212469e+00
-3.05831627e-01 5.43940009e-01 7.81406651e-01 -1.71113318e+02 -8.99998201e-01 -4.32912654e-01 -5.08945728e-02 2.80477662e+01 3.10597172e-01 -7.18829689e-01 6.21943262e-01 -4.89208862e+00
-4.14176102e-01 5.31964901e-01 7.38560547e-01 -1.82084295e+02 -4.13449753e-01 6.12928880e-01 -6.73333479e-01 4.21364300e+01 -8.10874674e-01 -5.84236169e-01 -3.39196932e-02 -3.47313621e+00
-4.05481645e-01 3.64359761e-01 8.38347900e-01 -1.95580263e+02 1.24692333e-01 9.30600451e-01 -3.44144476e-01 4.56380108e+01 -9.05558993e-01 -3.50086450e-02 -4.22774050e-01 4.54212732e+00
-5.07300813e-01 2.26220008e-01 8.31547091e-01 -2.08045885e+02 6.49504286e-01 7.34552918e-01 1.96409352e-01 3.98011189e+01 -5.66383648e-01 6.39731845e-01 -5.19569982e-01 1.34915027e+01
-6.96788941e-01 2.55035979e-01 6.70404209e-01 -2.16897446e+02 6.94868011e-01 8.21508243e-03 7.19090617e-01 2.71937051e+01 1.77886452e-01 9.66896709e-01 -1.82940425e-01 1.69769947e+01
-7.06601674e-01 3.67291989e-01 6.04823309e-01 -2.26157933e+02 4.73336957e-01 -3.90016725e-01 7.89835466e-01 1.57362048e+01 5.25991118e-01 8.44384027e-01 1.01733626e-01 1.73770790e+01
-6.95457772e-01 -2.09794570e-02 7.18260905e-01 -2.37474995e+02 4.14905730e-01 -8.27832870e-01 3.77553758e-01 1.12340655e+01 5.86678773e-01 5.60583082e-01 5.84427075e-01 7.06352593e+00
-7.53535521e-01 1.04023120e-01 6.49125743e-01 -2.47278838e+02 -1.46661319e-01 -9.89117606e-01 -1.17438944e-02 1.03965832e+01 6.40839659e-01 -1.04051001e-01 7.60590979e-01 -3.87451185e+00
-7.23952169e-01 2.86803836e-01 6.27405195e-01 -2.56290279e+02 -3.92430786e-01 -9.19203180e-01 -3.26264393e-02 9.35794102e+00 5.67355161e-01 -2.69832916e-01 7.78009412e-01 -1.59935092e+01
-7.41885588e-01 2.47810372e-01 6.23054062e-01 -2.67061270e+02 -6.30034267e-01 -5.75640386e-01 -5.21244555e-01 2.33024872e+01 2.29485168e-01 -7.79248738e-01 5.83188096e-01 -2.16118754e+01
-7.67158184e-01 2.27137158e-01 5.99897909e-01 -2.76515541e+02 -6.40953156e-01 -3.08549541e-01 -7.02835059e-01 3.67245360e+01 2.54581983e-02 -9.23691795e-01 3.82290395e-01 -2.24328113e+01
-8.19756011e-01 2.48757210e-01 5.15869091e-01 -2.84508780e+02 -5.25748696e-01 3.03669326e-02 -8.50098556e-01 5.09706295e+01 -2.27133389e-01 -9.68090161e-01 1.05890255e-01 -1.81285622e+01
-7.65727361e-01 5.83964328e-01 2.69533307e-01 -2.89259611e+02 -4.36476844e-01 -1.64021058e-01 -8.84639109e-01 6.40848924e+01 -4.72388262e-01 -7.95036857e-01 3.80482049e-01 -2.05468252e+01
-6.80323613e-01 7.11791116e-01 1.74682030e-01 -2.97204126e+02 -3.73126534e-01 -1.31231583e-01 -9.18452986e-01 7.60408411e+01 -6.30822555e-01 -6.90023371e-01 3.54867920e-01 -1.67811798e+01
-5.51238482e-01 8.25550393e-01 1.20842880e-01 -3.05411580e+02 -3.81844321e-01 -1.20840357e-01 -9.16293318e-01 8.80885053e+01 -7.41843249e-01 -5.51239007e-01 3.81843433e-01 -1.48278442e+01
-4.49287030e-01 5.21856722e-01 -7.25125901e-01 -2.93231735e+02 -4.25943444e-01 -8.38595404e-01 -3.39604250e-01 9.43253452e+01 -7.85311545e-01 1.56282698e-01 5.99051143e-01 -2.32612536e+01
-4.32825048e-01 5.65551388e-03 -9.01460541e-01 -2.83976441e+02 -5.27936260e-01 -8.12150477e-01 2.48386672e-01 9.59450327e+01 -7.30716492e-01 5.83421406e-01 3.54504648e-01 -2.84053151e+01
-5.20330423e-01 -5.63576057e-01 -6.41591596e-01 -2.74812424e+02 -5.73219796e-01 -3.26396929e-01 7.51588937e-01 8.83272456e+01 -6.32990481e-01 7.58846866e-01 -1.53218507e-01 -2.83728812e+01
-5.88324134e-01 -8.08181399e-01 2.68131363e-02 -2.74376332e+02 -5.66556203e-01 4.35636425e-01 6.99454685e-01 7.85640119e+01 -5.76966539e-01 3.96314488e-01 -7.14174934e-01 -1.73277218e+01
-6.30922789e-01 -8.74793490e-02 7.70899040e-01 -2.87805305e+02 -4.86773142e-01 8.18358078e-01 -3.05522257e-01 8.43690782e+01 -6.04143965e-01 -5.68013346e-01 -5.58902877e-01 -8.09435453e+00
-5.10183615e-01 6.09777030e-01 6.06535941e-01 -2.96801818e+02 -4.75040428e-01 3.88104313e-01 -7.89755208e-01 9.39194214e+01 -7.16973214e-01 -6.91048691e-01 9.16642237e-02 -8.86858757e+00
-2.79015768e-01 9.54420942e-01 -1.05983411e-01 -2.98402543e+02 -5.84533425e-01 -2.56365447e-01 -7.69804916e-01 1.03538106e+02 -7.61887556e-01 -1.52836693e-01 6.29420346e-01 -1.71195636e+01
-2.99208952e-01 2.29683325e-01 -9.26132390e-01 -2.85216287e+02 -7.53987441e-01 -6.51757890e-01 8.19557136e-02 1.01949491e+02 -5.84789573e-01 7.22813339e-01 3.68189758e-01 -2.42309734e+01
-4.94843937e-01 2.71507936e-01 -8.25478330e-01 -2.77251284e+02 -8.04966133e-01 -5.01071659e-01 3.17740237e-01 1.00055376e+02 -3.27354439e-01 8.21713112e-01 4.66506418e-01 -3.64219238e+01
-6.90673890e-01 -4.24757910e-01 -5.85278892e-01 -2.68390565e+02 -6.76720276e-01 9.42456346e-02 7.30184314e-01 8.60132023e+01 -2.54991395e-01 9.00388497e-01 -3.52535100e-01 -2.62645522e+01
-7.92391680e-01 -6.01856850e-01 9.94207076e-02 -2.74252360e+02 -4.24444989e-01 6.61031066e-01 6.18777609e-01 7.66817029e+01 -4.38135470e-01 4.48115227e-01 -7.79250128e-01 -1.04152205e+01
-7.72846948e-01 -3.87407247e-01 5.02617053e-01 -2.83016066e+02 -2.16590745e-01 9.05502705e-01 3.64903551e-01 7.01728730e+01 -5.96487103e-01 1.73152164e-01 -7.83723239e-01 6.12929829e-01
-5.73831353e-01 -2.07934667e-01 7.92137097e-01 -2.94612848e+02 -4.45419344e-02 9.73724282e-01 2.23334311e-01 6.27940709e+01 -8.17761676e-01 9.28727322e-02 -5.68014914e-01 6.99865832e+00
-4.24249676e-01 1.89109124e-01 8.85579072e-01 -3.06260085e+02 2.28317912e-02 9.79874417e-01 -1.98307384e-01 6.09155177e+01 -9.05257606e-01 -6.39125500e-02 -4.20028775e-01 1.27619248e+01
-2.67694295e-01 4.99296082e-01 8.24040881e-01 -3.18903516e+02 1.80527213e-01 8.66100035e-01 -4.66134980e-01 6.10539466e+01 -9.46440743e-01 2.39800949e-02 -3.21986223e-01 1.73295989e+01
-1.08713038e-01 7.55778382e-01 6.45740847e-01 -3.30571668e+02 1.67849964e-01 6.54219966e-01 -7.37444279e-01 6.64377405e+01 -9.79800306e-01 2.82177624e-02 -1.97979308e-01 2.06304201e+01
8.51349262e-02 9.79927617e-01 -1.80261796e-01 -3.29226194e+02 1.68575091e-01 -1.92476850e-01 -9.66714147e-01 8.06019996e+01 -9.82005566e-01 5.19135992e-02 -1.81577712e-01 2.26438070e+01
3.89989365e-01 4.18629906e-01 -8.20157216e-01 -3.24500355e+02 -3.89641789e-02 -8.82382082e-01 -4.68918682e-01 8.84397219e+01 -9.19994831e-01 2.14830029e-01 -3.27807916e-01 2.24206994e+01
4.96835794e-01 -2.47142693e-01 -8.31910868e-01 -3.17221693e+02 -3.83777039e-01 -9.22338842e-01 4.48069157e-02 9.45372493e+01 -7.78376723e-01 2.97006390e-01 -5.53098346e-01 2.34705003e+01
3.68808236e-01 -8.60583051e-01 -3.51251636e-01 -3.09703997e+02 -7.58158164e-01 -4.97138513e-01 4.21960249e-01 9.16316252e+01 -5.37752149e-01 1.10681760e-01 -8.35806478e-01 3.20479881e+01
-1.66906073e-01 -8.92765510e-01 4.18464173e-01 -3.19272542e+02 -7.78972922e-01 3.79582842e-01 4.99117854e-01 7.93998908e+01 -6.04436732e-01 -2.42666551e-01 -7.58794503e-01 4.15837887e+01
-6.19780013e-01 -7.78968564e-02 7.80900415e-01 -3.39041454e+02 -2.02448411e-01 9.77252317e-01 -6.31947031e-02 8.17076103e+01 -7.58213752e-01 -1.97258888e-01 -6.21451024e-01 4.38610849e+01
-4.39101707e-01 6.16987319e-01 6.53082766e-01 -3.51556282e+02 4.74130743e-01 7.76581115e-01 -4.14877352e-01 9.22842920e+01 -7.63145427e-01 1.27473102e-01 -6.33530063e-01 4.62459656e+01
1.82927981e-01 9.76630928e-01 1.12827934e-01 -3.53539291e+02 8.29486907e-01 -9.17179895e-02 -5.50945199e-01 1.05217927e+02 -5.27721586e-01 1.94372700e-01 -8.26879695e-01 5.36109859e+01
5.16697237e-01 8.55446131e-01 -3.51635907e-02 -3.58249010e+02 8.40916415e-01 -5.14782448e-01 -1.66912908e-01 1.08509477e+02 -1.60886560e-01 5.66740927e-02 -9.85344704e-01 6.57642068e+01
7.78134769e-01 6.22061190e-01 -8.68741050e-02 -3.63101941e+02 5.52763072e-01 -6.12542482e-01 5.65018760e-01 1.02340167e+02 2.98262052e-01 -4.87680875e-01 -8.20492611e-01 7.72799902e+01
9.62931044e-01 2.50995971e-01 9.88203404e-02 -3.67496819e+02 -9.15563037e-02 -4.04862651e-02 9.94977101e-01 9.09523040e+01 2.53736225e-01 -9.67141340e-01 -1.60053820e-02 8.04639455e+01
8.06707971e-01 2.46123682e-01 5.37258097e-01 -3.75585735e+02 -5.15685718e-01 7.37190013e-01 4.36601157e-01 8.54608502e+01 -2.88602847e-01 -6.29265576e-01 7.21618979e-01 7.69188057e+01
4.45965949e-01 4.35021219e-01 7.82222249e-01 -3.86792690e+02 -3.15595654e-01 8.94239823e-01 -3.17388961e-01 8.41623962e+01 -8.37564475e-01 -1.05321312e-01 5.36091186e-01 7.57253892e+01
3.42795915e-01 4.54046817e-01 8.22394679e-01 -3.98529639e+02 4.16985541e-01 7.10923484e-01 -5.66314239e-01 8.93418452e+01 -8.41792449e-01 5.37056598e-01 5.43709460e-02 7.23650436e+01
8.56097119e-01 5.15641418e-01 3.48243342e-02 -3.90971075e+02 4.46811912e-01 -7.04591787e-01 -5.51281267e-01 1.04774285e+02 -2.59726215e-01 4.87510048e-01 -8.33592940e-01 8.68581091e+01
9.92618689e-01 1.18593361e-01 -2.53984890e-02 -3.89876175e+02 1.10772579e-01 -8.01230817e-01 5.88013877e-01 9.71359610e+01 4.93846919e-02 -5.86486360e-01 -8.08452993e-01 9.88493504e+01
8.06961781e-01 1.21933798e-01 5.77880808e-01 -4.01471802e+02 -3.23780869e-01 -7.26983484e-01 6.05526767e-01 1.01449217e+02 4.93943878e-01 -6.75742929e-01 -5.47167563e-01 1.08464779e+02
6.39054571e-01 3.25732972e-01 6.96784607e-01 -4.12460606e+02 -6.77423690e-01 -1.90699391e-01 7.10445524e-01 9.39848363e+01 3.64291904e-01 -9.26030783e-01 9.87918839e-02 1.09448424e+02
6.35823770e-01 5.21863052e-01 5.68672499e-01 -4.20201964e+02 -7.56291760e-01 5.68363442e-01 3.24017849e-01 8.72369761e+01 -1.54119257e-01 -6.36100014e-01 7.56059139e-01 9.84093415e+01
8.26660093e-01 4.60332074e-01 3.23617777e-01 -4.23541902e+02 -4.35728726e-01 8.87576381e-01 -1.49499481e-01 8.76174899e+01 -3.56054291e-01 -1.74243392e-02 9.34303328e-01 8.34531358e+01
9.19017916e-01 3.82809304e-01 -9.41494853e-02 -4.22027425e+02 -3.22163032e-01 5.91666160e-01 -7.39015330e-01 1.00188233e+02 -2.27196325e-01 7.09499330e-01 6.67078297e-01 7.27802293e+01
9.65777160e-01 1.99990804e-01 -1.65165196e-01 -4.24055559e+02 -1.55243119e-01 -6.44310316e-02 -9.85773886e-01 1.14596772e+02 -2.07786877e-01 9.77677838e-01 -3.11786755e-02 7.21358872e+01
9.97251742e-01 -6.30560852e-02 -3.89154817e-02 -4.25656263e+02 -5.03877866e-02 -1.92018991e-01 -9.80097826e-01 1.28297558e+02 5.43289403e-02 9.79364216e-01 -1.94668174e-01 7.00934502e+01
9.32658748e-01 -3.58249948e-01 -4.24932348e-02 -4.25015409e+02 -2.61746505e-01 -5.90909732e-01 -7.63096495e-01 1.39140692e+02 2.48269764e-01 7.22830415e-01 -6.44887179e-01 8.25093679e+01
8.93700238e-01 -4.28657452e-01 1.32492056e-01 -4.30721526e+02 -4.19444016e-01 -9.03063225e-01 -9.24428079e-02 1.36283759e+02 1.59275221e-01 2.70431328e-02 -9.86864505e-01 1.01323101e+02
8.00455689e-01 -5.98661974e-01 2.95961831e-02 -4.30260475e+02 -5.97481810e-01 -8.00869902e-01 -4.03111606e-02 1.38328871e+02 4.78357579e-02 1.45839948e-02 -9.98749504e-01 1.15999478e+02
5.82062594e-01 -8.11659243e-01 4.91277702e-02 -4.29967687e+02 -8.12087464e-01 -5.77162877e-01 8.60164149e-02 1.34765187e+02 -4.14609654e-02 -8.99631114e-02 -9.95082483e-01 1.30830897e+02
4.33671488e-01 -9.00997104e-01 1.16231936e-02 -4.31332178e+02 -8.82688077e-01 -4.22195524e-01 2.06434670e-01 1.27921100e+02 -1.81089304e-01 -9.97846365e-02 -9.78392504e-01 1.44523350e+02
2.24572885e-01 -9.48661819e-01 -2.22733040e-01 -4.27014123e+02 -9.26514293e-01 -2.78684321e-01 2.52802925e-01 1.19314604e+02 -3.01896146e-01 1.49592202e-01 -9.41532454e-01 1.56699042e+02
-1.94363900e-01 -9.49781458e-01 -2.45233639e-01 -4.24322636e+02 -9.76936770e-01 1.64889196e-01 1.35678555e-01 1.12449537e+02 -8.84284841e-02 2.65948142e-01 -9.59923983e-01 1.69617128e+02
-1.68224072e-01 -6.69971253e-01 -7.23077534e-01 -4.09918356e+02 -9.61335849e-01 2.73746458e-01 -2.99857550e-02 1.08492990e+02 2.18029258e-01 6.90074963e-01 -6.90117473e-01 1.76814301e+02
-2.03149914e-01 -4.57348271e-01 -8.65774123e-01 -3.96824129e+02 -9.12409788e-01 4.09276056e-01 -2.10829514e-03 1.03548965e+02 3.55304374e-01 7.89511321e-01 -5.00433108e-01 1.82396278e+02
4.27122732e-02 4.44780411e-02 -9.98098080e-01 -3.82111992e+02 -5.37959424e-01 8.42847398e-01 1.45387550e-02 9.83442634e+01 8.41889813e-01 5.36314541e-01 5.99269598e-02 1.80563215e+02
4.91436820e-01 2.04800478e-01 -8.46492063e-01 -3.69501339e+02 -7.14922576e-02 9.78165359e-01 1.95152642e-01 9.28534785e+01 8.67975517e-01 -3.53875795e-02 4.95347156e-01 1.74722126e+02
8.48295309e-01 1.17453732e-01 -5.16335077e-01 -3.60540194e+02 1.38153298e-01 8.92228971e-01 4.29935378e-01 8.38031793e+01 5.11186261e-01 -4.36045004e-01 7.40645785e-01 1.66820576e+02
9.79172990e-01 9.45482462e-02 -1.79673476e-01 -3.55048753e+02 6.10663111e-02 7.06828828e-01 7.04745882e-01 6.97248992e+01 1.93631001e-01 -7.01039432e-01 6.86333035e-01 1.63604966e+02
8.65156331e-01 -2.78510026e-01 4.17059429e-01 -3.56145519e+02 -2.66197934e-01 4.49765538e-01 8.52556565e-01 5.47298949e+01 -4.25023710e-01 -8.48614195e-01 3.14978321e-01 1.64144854e+02
3.53866294e-01 -6.67363519e-01 6.55291207e-01 -3.59331838e+02 -4.13456827e-01 5.16833145e-01 7.49626631e-01 4.17375762e+01 -8.38948434e-01 -5.36201807e-01 -9.30359913e-02 1.64468337e+02
-2.88822712e-01 -8.38749926e-01 4.61607806e-01 -3.62222422e+02 -5.94842199e-01 5.35011996e-01 5.99939993e-01 2.98086444e+01 -7.50164452e-01 -1.01307724e-01 -6.53446557e-01 1.72541694e+02
-9.28799602e-01 -3.50287681e-01 -1.20960841e-01 -3.61973088e+02 -3.70530539e-01 8.83375346e-01 2.86981077e-01 2.33011928e+01 6.32767354e-03 3.11367080e-01 -9.50269944e-01 1.85745935e+02
-8.25763098e-01 2.40596053e-01 -5.10128116e-01 -3.57742112e+02 4.36596865e-03 9.07153271e-01 4.20781511e-01 1.68702936e+01 5.64001806e-01 3.45238255e-01 -7.50143337e-01 1.97523557e+02
3.50953086e-01 5.51235094e-01 -7.56950046e-01 -3.44830571e+02 3.49691477e-01 6.72731408e-01 6.52036043e-01 9.47310268e+00 8.68648456e-01 -4.93532522e-01 4.33346795e-02 2.01326346e+02
5.26955666e-01 4.44929453e-01 -7.24125233e-01 -3.36029888e+02 3.46169796e-01 6.65777874e-01 6.60991260e-01 -2.51698027e-01 7.76200242e-01 -5.98982611e-01 1.96813832e-01 2.01906484e+02
9.74933373e-01 6.94201445e-02 2.11393876e-01 -3.43793787e+02 -2.20742827e-01 4.20975120e-01 8.79804214e-01 -1.75049435e+01 -2.79151811e-02 -9.04413214e-01 4.25746269e-01 1.99055545e+02
2.40554845e-01 -6.08203997e-01 7.56454281e-01 -3.57256167e+02 -5.27598017e-01 5.72223501e-01 6.27856475e-01 -2.85711771e+01 -8.14724730e-01 -5.50137184e-01 -1.83235737e-01 2.03940474e+02
-5.27926200e-01 -4.36378029e-01 7.28608428e-01 -3.71073248e+02 -2.47451106e-01 8.99714860e-01 3.59561642e-01 -3.28654380e+01 -8.12443673e-01 9.52695088e-03 -5.82964317e-01 2.09694277e+02
-8.54354473e-01 -1.37691795e-01 5.01120190e-01 -3.80758834e+02 5.13929008e-02 9.37152936e-01 3.45118357e-01 -3.74983791e+01 -5.17145785e-01 3.20606871e-01 -7.93583206e-01 2.19481787e+02
-9.24903595e-01 3.76844745e-01 -5.04326516e-02 -3.85794275e+02 2.72929028e-01 7.50421209e-01 6.01981060e-01 -4.69255754e+01 2.64698512e-01 5.43009186e-01 -7.96918177e-01 2.29673244e+02
-6.23304777e-01 7.54057488e-01 -2.07099568e-01 -3.90375991e+02 2.93870866e-01 4.71303138e-01 8.31574626e-01 -5.64956145e+01 7.24660681e-01 4.57463576e-01 -5.15360523e-01 2.37898422e+02
-7.82723771e-02 9.42542783e-01 -3.24789289e-01 -3.89792493e+02 7.55496352e-02 3.30460058e-01 9.40792948e-01 -6.76719193e+01 9.94066378e-01 4.91006716e-02 -9.70746957e-02 2.43841358e+02
4.71711353e-01 8.53860766e-01 -2.20027097e-01 -3.88471923e+02 -1.85905309e-01 3.40231966e-01 9.21783387e-01 -8.08706415e+01 8.61933975e-01 -3.93910725e-01 3.19228055e-01 2.43948760e+02
7.86000746e-01 4.33612029e-01 4.40664334e-01 -3.97799085e+02 -6.16473821e-01 4.96073597e-01 6.11452336e-01 -9.15528566e+01 4.65313300e-02 -7.52259051e-01 6.57223995e-01 2.35119568e+02
4.35582926e-01 1.94181770e-01 8.78955497e-01 -4.11431762e+02 -4.03821612e-01 9.14837306e-01 -1.98771310e-03 -9.23452068e+01 -8.04486100e-01 -3.54074993e-01 4.76901949e-01 2.27721498e+02
1.14342700e-01 1.90072141e-01 9.75089654e-01 -4.25098539e+02 1.62435628e-01 9.64741368e-01 -2.07102968e-01 -9.05392907e+01 -9.80072803e-01 1.82069686e-01 7.94369014e-02 2.24555797e+02
-2.22492195e-01 6.58713170e-01 7.18746070e-01 -4.36501913e+02 8.20713708e-01 5.24478476e-01 -2.26615059e-01 -8.47614483e+01 -5.26240724e-01 5.39464131e-01 -6.57306349e-01 2.34226707e+02
6.59162016e-02 9.63806772e-01 2.58328644e-01 -4.40763220e+02 8.92626387e-01 -1.72662263e-01 4.16424428e-01 -8.72482121e+01 4.45955697e-01 2.03141899e-01 -8.71699467e-01 2.47645718e+02
4.16779505e-01 8.55699642e-01 3.06716126e-01 -4.47551242e+02 3.75098100e-01 -4.69248327e-01 7.99443897e-01 -9.25205194e+01 8.28008993e-01 -2.18142551e-01 -5.16543889e-01 2.56522277e+02
7.48717775e-01 4.57283568e-01 4.79911605e-01 -4.49790017e+02 -4.95274872e-01 -9.53022701e-02 8.63494863e-01 -1.04628669e+02 4.40598552e-01 -8.84200968e-01 1.55126392e-01 2.58495703e+02
4.66866482e-01 1.68234752e-01 8.68178618e-01 -4.58164851e+02 -7.25201652e-01 6.34664276e-01 2.66995310e-01 -1.11432830e+02 -5.06083467e-01 -7.54255056e-01 4.18307539e-01 2.54148498e+02
-4.32218060e-02 4.50116221e-01 8.91923966e-01 -4.68887769e+02 -9.77709740e-02 8.86567909e-01 -4.52151183e-01 -1.08591658e+02 -9.94270985e-01 -1.06747012e-01 5.68953249e-03 2.53369541e+02
-3.76923621e-01 7.58431558e-01 5.31705806e-01 -4.80178537e+02 8.84872298e-01 4.64497940e-01 -3.52839064e-02 -1.07797185e+02 -2.73736699e-01 4.57192269e-01 -8.46194658e-01 2.62902130e+02
4.55346216e-01 8.48969195e-01 2.68164230e-01 -4.78362996e+02 4.55189446e-01 -4.80852072e-01 7.49390600e-01 -1.13888642e+02 7.65156498e-01 -2.19166169e-01 -6.05395610e-01 2.78329859e+02
6.54476307e-01 3.29285841e-02 7.55365670e-01 -4.79680373e+02 -7.55212232e-01 -1.94817121e-02 6.55192555e-01 -1.29967210e+02 3.62906166e-02 -9.99268822e-01 1.21180025e-02 2.77842931e+02
-2.96076729e-01 -9.53317404e-02 9.50395399e-01 -4.91734896e+02 -5.63873056e-01 8.20569705e-01 -9.33541382e-02 -1.33772535e+02 -7.70965605e-01 -5.63542060e-01 -2.96706107e-01 2.77847734e+02
-6.65499428e-01 7.43434103e-01 6.64623017e-02 -4.97940633e+02 7.29428072e-01 6.66664777e-01 -1.53281466e-01 -1.29079868e+02 -1.58262859e-01 -5.35290402e-02 -9.85946059e-01 2.91317571e+02
6.75797033e-01 6.87390119e-01 -2.66072390e-01 -4.90418382e+02 4.81500533e-01 -1.38383356e-01 8.65453616e-01 -1.39127610e+02 5.58083936e-01 -7.12984105e-01 -4.24497568e-01 3.02743169e+02
4.82001288e-01 -1.94113926e-01 8.54397660e-01 -5.01142713e+02 -7.41423454e-01 4.29248126e-01 5.15790347e-01 -1.54148581e+02 -4.66870115e-01 -8.82081651e-01 6.29776729e-02 3.00497225e+02
-7.41350358e-01 4.26557883e-01 5.18120744e-01 -5.16583688e+02 3.24903952e-01 9.03639914e-01 -2.79060482e-01 -1.48828762e+02 -5.87229800e-01 -3.85421174e-02 -8.08503404e-01 3.08999747e+02
2.96930628e-01 9.11367881e-01 -2.85029391e-01 -5.11502427e+02 7.70303522e-01 -5.22067328e-02 6.35538604e-01 -1.52303147e+02 5.64328524e-01 -4.08269593e-01 -7.17531377e-01 3.25530318e+02
7.33513127e-01 -3.38547886e-02 6.78832402e-01 -5.16116135e+02 -6.65994269e-01 1.63590597e-01 7.27799589e-01 -1.69132558e+02 -1.35689735e-01 -9.85948327e-01 9.74486226e-02 3.25736980e+02
-6.23164795e-01 2.33708807e-01 7.46355571e-01 -5.33010754e+02 -3.81145636e-02 9.44099757e-01 -3.27452540e-01 -1.66318362e+02 -7.81162234e-01 -2.32503910e-01 -5.79421494e-01 3.29496937e+02
-7.06845634e-02 9.72426967e-01 -2.22239368e-01 -5.31527430e+02 9.53097316e-01 1.31573678e-01 2.72573281e-01 -1.64240018e+02 2.94298070e-01 -1.92548711e-01 -9.36117323e-01 3.46347092e+02
9.36277880e-01 1.92492010e-01 2.93822183e-01 -5.29816844e+02 -2.72359332e-01 -1.30406248e-01 9.53318826e-01 -1.79749033e+02 2.21822560e-01 -9.72595900e-01 -6.96697052e-02 3.50687628e+02
-2.68506165e-01 2.08043791e-02 9.63053814e-01 -5.46063656e+02 -5.09201443e-01 8.45600789e-01 -1.60236043e-01 -1.82664985e+02 -8.17691994e-01 -5.33412636e-01 -2.16455085e-01 3.50246701e+02
-4.08913763e-01 9.08502831e-01 -8.60981855e-02 -5.49023254e+02 8.98547137e-01 3.84354434e-01 -2.11865253e-01 -1.75869088e+02 -1.59388147e-01 -1.63997789e-01 -9.73499828e-01 3.64125956e+02
9.28284524e-01 3.71061860e-01 2.45291626e-02 -5.44333087e+02 6.84082016e-02 -2.35227677e-01 9.69530948e-01 -1.89919362e+02 3.65525784e-01 -8.98321975e-01 -2.43741942e-01 3.73187754e+02
1.41082823e-01 -1.32804140e-01 9.81050107e-01 -5.58425736e+02 -6.43542375e-01 7.40726844e-01 1.92818275e-01 -1.97906373e+02 -7.52296746e-01 -6.58550539e-01 1.90386760e-02 3.69434976e+02
-5.56846502e-01 7.84607375e-01 2.72606446e-01 -5.66697468e+02 6.71120423e-01 6.18377204e-01 -4.08912352e-01 -1.88929215e+02 -4.89409054e-01 -4.47498139e-02 -8.70906491e-01 3.80402660e+02
7.05479519e-01 6.13404959e-01 -3.55012510e-01 -5.59410520e+02 5.83681315e-01 -2.18722963e-01 7.81970839e-01 -1.97993402e+02 4.02015041e-01 -7.58878114e-01 -5.12337421e-01 3.91832071e+02
5.29109617e-01 -2.98806886e-01 7.94203057e-01 -5.67329998e+02 -5.60904780e-01 5.79154605e-01 5.91580920e-01 -2.10510344e+02 -6.36734187e-01 -7.58483051e-01 1.38833830e-01 3.87440130e+02
-6.24290132e-01 5.84952171e-01 5.17777576e-01 -5.78412661e+02 4.04529167e-01 8.09085569e-01 -4.26308104e-01 -2.03646191e+02 -6.68295939e-01 -5.66839996e-02 -7.41733796e-01 3.96115169e+02
5.04604994e-01 7.46751301e-01 -4.33286289e-01 -5.70418868e+02 8.20460888e-01 -2.58556867e-01 5.09896099e-01 -2.06416660e+02 2.68736055e-01 -6.12790235e-01 -7.43149080e-01 4.09427260e+02
6.78068811e-01 -3.05714153e-01 6.68403002e-01 -5.75610654e+02 -6.13186258e-01 2.66110591e-01 7.43767322e-01 -2.22254379e+02 -4.05248789e-01 -9.14180473e-01 -7.01864355e-03 4.08534607e+02
-6.99941088e-01 3.20275979e-01 6.38362703e-01 -5.91971977e+02 2.50027978e-01 9.47137087e-01 -2.01046210e-01 -2.18064786e+02 -6.69006885e-01 1.88877473e-02 -7.43017478e-01 4.12702295e+02
3.57640992e-01 8.92060300e-01 -2.76265186e-01 -5.85513444e+02 8.35816418e-01 -1.73812680e-01 5.20770595e-01 -2.17497679e+02 4.16539855e-01 -4.17155584e-01 -8.07760813e-01 4.27252511e+02
7.66783197e-01 3.04103188e-02 6.41186173e-01 -5.91828254e+02 -6.12369247e-01 3.34175775e-01 7.16472170e-01 -2.31888055e+02 -1.92480439e-01 -9.42020999e-01 2.74862350e-01 4.24701016e+02
-4.30729900e-01 6.15951110e-01 6.59603712e-01 -6.04704183e+02 1.72919246e-01 7.73664260e-01 -6.09544559e-01 -2.24605423e+02 -8.85760931e-01 -1.48490981e-01 -4.39749702e-01 4.29305289e+02
4.19239468e-01 8.46193982e-01 -3.28929712e-01 -6.00199142e+02 8.74074174e-01 -2.78264841e-01 3.98201688e-01 -2.26953953e+02 2.45426029e-01 -4.54450538e-01 -8.56295631e-01 4.45192366e+02
7.87292637e-01 -1.26898760e-01 6.03380418e-01 -6.05535976e+02 -5.44871078e-01 3.14849062e-01 7.77166178e-01 -2.43771052e+02 -2.88594936e-01 -9.40621311e-01 1.78734640e-01 4.42844893e+02
-3.49848669e-01 5.88784904e-01 7.28655800e-01 -6.21750079e+02 2.31602300e-01 8.08023996e-01 -5.41718986e-01 -2.34739656e+02 -9.07726812e-01 -2.07613800e-02 -4.19049661e-01 4.45132518e+02
4.74489238e-01 8.19554855e-01 -3.21233543e-01 -6.15349720e+02 8.54311536e-01 -3.40785791e-01 3.92452639e-01 -2.36282683e+02 2.12164376e-01 -4.60647552e-01 -8.61853759e-01 4.62650899e+02
8.18317497e-01 -1.99343128e-01 5.39091745e-01 -6.19842809e+02 -4.62392362e-01 3.28782329e-01 8.23466839e-01 -2.52472310e+02 -3.41395934e-01 -9.23128546e-01 1.76873309e-01 4.59370542e+02
-3.70048506e-01 6.08061502e-01 7.02372060e-01 -6.34101300e+02 1.31846389e-01 7.82763316e-01 -6.08194352e-01 -2.44252719e+02 -9.19609809e-01 -1.32456174e-01 -3.69830661e-01 4.63689019e+02
4.54958406e-01 7.61274717e-01 -4.62033356e-01 -6.27320719e+02 8.87807680e-01 -3.47331397e-01 3.01928291e-01 -2.45234853e+02 6.93714955e-02 -5.47560955e-01 -8.33886147e-01 4.79353190e+02
8.09631904e-01 -3.16260481e-01 4.94445797e-01 -6.30822748e+02 -4.11178436e-01 2.95536255e-01 8.62318339e-01 -2.60890514e+02 -4.18843339e-01 -9.01465157e-01 1.09235853e-01 4.77561224e+02
-3.53788663e-01 5.44386890e-01 7.60577238e-01 -6.46305145e+02 1.57682428e-01 8.36244546e-01 -5.25198757e-01 -2.53668957e+02 -9.21939006e-01 -6.58797358e-02 -3.81693542e-01 4.80067997e+02
4.36071209e-01 7.95917092e-01 -4.19951204e-01 -6.39159767e+02 8.99775359e-01 -3.93789433e-01 1.87980073e-01 -2.51195276e+02 -1.57558425e-02 -4.59833897e-01 -8.87865986e-01 4.95677363e+02
7.90303224e-01 -2.85613080e-01 5.42076413e-01 -6.42454877e+02 -5.40817075e-01 9.06705320e-02 8.36240337e-01 -2.68793170e+02 -2.87991183e-01 -9.54046832e-01 -8.28072462e-02 4.97183845e+02
-4.28751311e-01 3.69335428e-01 8.24478233e-01 -6.56547034e+02 -2.70936035e-02 9.06949697e-01 -4.20369089e-01 -2.63748167e+02 -9.03016803e-01 -2.02571805e-01 -3.78848854e-01 4.98215594e+02
2.54256688e-01 8.50695303e-01 -4.60077991e-01 -6.50210274e+02 9.67113928e-01 -2.20300783e-01 1.27122692e-01 -2.60028670e+02 6.78700978e-03 -4.77269244e-01 -8.78731526e-01 5.12856611e+02
9.19941897e-01 -2.88011692e-01 2.66001715e-01 -6.49457941e+02 -2.56882014e-01 6.97499092e-02 9.63923583e-01 -2.77405863e+02 -2.96174532e-01 -9.55083949e-01 -9.81925903e-03 5.13189638e+02
-3.03501118e-01 1.26582643e-01 9.44385892e-01 -6.66002932e+02 -1.44775243e-01 9.73503304e-01 -1.77012514e-01 -2.76402539e+02 -9.41768774e-01 -1.90447208e-01 -2.77133019e-01 5.13613930e+02
-1.39340804e-01 9.32045537e-01 -3.34478935e-01 -6.62832322e+02 9.24204995e-01 1.11862292e-03 -3.81897971e-01 -2.68580777e+02 -3.55571986e-01 -3.62340703e-01 -8.61556282e-01 5.26407288e+02
8.55862727e-01 -1.17071252e-01 -5.03779742e-01 -6.55255982e+02 5.01073047e-01 -5.36821948e-02 8.63739485e-01 -2.82799465e+02 -1.28163003e-01 -9.91672202e-01 1.27164826e-02 5.29145753e+02
4.88079017e-01 -1.28850466e-01 8.63236202e-01 -6.70150132e+02 -1.95756259e-01 9.47685419e-01 2.52137398e-01 -2.88375875e+02 -8.50563895e-01 -2.92046869e-01 4.37321888e-01 5.24347024e+02
-4.13899043e-01 7.66590392e-01 4.90945098e-01 -6.77784256e+02 5.39287796e-01 6.40970208e-01 -5.46193564e-01 -2.83625544e+02 -7.33387595e-01 3.86915812e-02 -6.78709286e-01 5.37017394e+02
2.97643717e-01 7.09387473e-01 -6.38887940e-01 -6.69194492e+02 9.39496886e-01 -3.36520997e-01 6.40357857e-02 -2.84269878e+02 -1.69573143e-01 -6.19292632e-01 -7.66630390e-01 5.48720335e+02
9.26484151e-01 -3.25075625e-01 -1.89613810e-01 -6.67867653e+02 2.48437624e-01 1.49860104e-01 9.56986044e-01 -3.00073185e+02 -2.82676999e-01 -9.33739053e-01 2.19603767e-01 5.46997620e+02
4.50578259e-01 2.12537946e-03 8.92734474e-01 -6.83565501e+02 -1.84721941e-01 9.78578450e-01 9.09024587e-02 -3.02032926e+02 -8.73416926e-01 -2.05866327e-01 4.41318785e-01 5.44333330e+02
-8.08806701e-02 9.42479526e-01 3.24331527e-01 -6.89010965e+02 4.78718124e-01 3.22141463e-01 -8.16734531e-01 -2.92358168e+02 -8.74235755e-01 8.92054048e-02 -4.77236581e-01 5.54886432e+02
3.45922567e-01 5.54400684e-01 -7.56952822e-01 -6.80499325e+02 8.69384804e-01 -4.92796233e-01 3.63739556e-02 -2.96748474e+02 -3.52857517e-01 -6.70665396e-01 -6.52456690e-01 5.66221292e+02
8.75820267e-01 -4.41814482e-01 -1.94265399e-01 -6.81519424e+02 2.85517573e-01 1.49770400e-01 9.46599111e-01 -3.10064953e+02 -3.89125627e-01 -8.84516449e-01 2.57317512e-01 5.64785161e+02
3.30874040e-01 -6.71897788e-02 9.41279971e-01 -6.95235674e+02 -1.44508398e-01 9.82090487e-01 1.20899697e-01 -3.11660990e+02 -9.32544790e-01 -1.76025472e-01 3.15238778e-01 5.64887034e+02
-1.80489597e-01 9.40438476e-01 2.88094988e-01 -6.98859028e+02 4.84125809e-01 3.39909840e-01 -8.06278152e-01 -3.02062570e+02 -8.56181121e-01 -6.05039781e-03 -5.16640404e-01 5.75462708e+02
3.81173764e-01 4.05171553e-01 -8.30988876e-01 -6.87729604e+02 8.22340807e-01 -5.59318534e-01 1.04495856e-01 -3.06249355e+02 -4.22448597e-01 -7.23186711e-01 -5.46386635e-01 5.85384503e+02
8.35352867e-01 -5.45730385e-01 -6.60572920e-02 -6.90879759e+02 2.86573355e-01 3.29779311e-01 8.99512182e-01 -3.21748774e+02 -4.69106639e-01 -7.70340204e-01 4.31873650e-01 5.81431443e+02
3.17947071e-01 2.54678284e-01 9.13262507e-01 -7.06286907e+02 -9.14089459e-02 9.66994235e-01 -2.37838837e-01 -3.17647848e+02 -9.43691561e-01 -7.86030570e-03 3.30732943e-01 5.82714899e+02
-4.37883134e-02 9.94314910e-01 -9.70587604e-02 -7.04556702e+02 5.99409677e-01 -5.15746635e-02 -7.98779762e-01 -3.10803923e+02 -7.99244159e-01 -9.31549777e-02 -5.93743218e-01 5.94856769e+02
5.93647269e-01 4.70578900e-02 -8.03348266e-01 -6.97038959e+02 7.01552104e-01 -5.19305073e-01 4.88003916e-01 -3.20816618e+02 -3.94218380e-01 -8.53292409e-01 -3.41297670e-01 6.01123843e+02
7.66720631e-01 -4.82545358e-01 4.23425664e-01 -7.07477120e+02 -2.97065523e-02 6.32187500e-01 7.74246290e-01 -3.31935046e+02 -6.41293115e-01 -6.06209091e-01 4.70376212e-01 5.98173470e+02
3.11577632e-02 6.11928926e-01 7.90298451e-01 -7.18969555e+02 1.60820689e-01 7.77311551e-01 -6.08213688e-01 -3.23475396e+02 -9.86491623e-01 1.46046850e-01 -7.41913997e-02 6.03490631e+02
1.97686483e-01 8.16038633e-01 -5.43139661e-01 -7.12289604e+02 8.37013473e-01 -4.28912141e-01 -3.39769913e-01 -3.22613068e+02 -5.10224504e-01 -3.87447068e-01 -7.67825295e-01 6.16184909e+02
8.76505456e-01 -3.01140301e-01 -3.75569409e-01 -7.12059382e+02 3.93982228e-01 4.47913020e-04 9.19118351e-01 -3.37607234e+02 -2.76615230e-01 -9.53579711e-01 1.19036351e-01 6.15910043e+02
5.32699742e-01 2.09658364e-02 8.46044164e-01 -7.27058648e+02 -1.55200404e-01 9.85159602e-01 7.33064508e-02 -3.37250927e+02 -8.31951423e-01 -1.70356818e-01 5.28048051e-01 6.13597984e+02
-5.08630384e-02 9.85477034e-01 1.62010498e-01 -7.28789115e+02 5.77998593e-01 1.61338918e-01 -7.99929896e-01 -3.29394556e+02 -8.14450970e-01 5.29550023e-02 -5.77810357e-01 6.26818460e+02
5.91337584e-01 2.23768176e-01 -7.74756050e-01 -7.20888570e+02 7.59541490e-01 -4.77347650e-01 4.41855529e-01 -3.39865954e+02 -2.70954801e-01 -8.49744976e-01 -4.52234865e-01 6.34563673e+02
8.16248961e-01 -3.99225367e-01 4.17559507e-01 -7.32092769e+02 -3.15547365e-03 7.19705288e-01 6.94272776e-01 -3.50442067e+02 -5.77691078e-01 -5.68017097e-01 5.86198898e-01 6.29468132e+02
1.19095074e-01 7.19113644e-01 6.84610099e-01 -7.42928856e+02 1.70700404e-01 6.64421462e-01 -7.27602671e-01 -3.40783493e+02 -9.78098664e-01 2.03517050e-01 -4.36235457e-02 6.36323837e+02
2.59172522e-01 7.11630414e-01 -6.53001337e-01 -7.34949550e+02 8.04305161e-01 -5.33338191e-01 -2.61999296e-01 -3.42159477e+02 -5.34717327e-01 -4.57309327e-01 -7.10594649e-01 6.49396234e+02
8.97308175e-01 -3.94615326e-01 -1.97777954e-01 -7.38261304e+02 2.75324812e-01 1.50147169e-01 9.49553767e-01 -3.57961475e+02 -3.45012753e-01 -9.06495390e-01 2.43375546e-01 6.48339299e+02
3.87478176e-01 2.58126547e-01 8.85003142e-01 -7.53669806e+02 -8.96198482e-02 9.66000022e-01 -2.42512694e-01 -3.53920532e+02 -9.17511991e-01 1.46544716e-02 3.97437051e-01 6.48370724e+02
1.12233948e-01 9.70316537e-01 -2.14216913e-01 -7.51398661e+02 7.28343059e-01 -2.26979399e-01 -6.46527037e-01 -3.48522218e+02 -6.75958561e-01 -8.34611241e-02 -7.32197902e-01 6.62984568e+02
8.75190360e-01 -8.57598398e-02 -4.76116138e-01 -7.48991118e+02 4.42427653e-01 -2.56236347e-01 8.59419084e-01 -3.63263411e+02 -1.95701968e-01 -9.62801920e-01 -1.86313056e-01 6.67299536e+02
5.46103581e-01 -1.07231844e-01 8.30826049e-01 -7.62737374e+02 -2.19472542e-01 9.38818182e-01 2.65429624e-01 -3.66392996e+02 -8.08456897e-01 -3.27295453e-01 4.89157217e-01 6.64074150e+02
-5.07606551e-02 9.73933188e-01 2.21080836e-01 -7.66258962e+02 5.59378697e-01 2.11110961e-01 -8.01578343e-01 -3.57781342e+02 -8.27356264e-01 8.29790843e-02 -5.55513523e-01 6.75576928e+02
6.94973060e-01 2.53089671e-01 -6.73020977e-01 -7.59878370e+02 7.03999940e-01 -4.29917670e-01 5.65291943e-01 -3.69198073e+02 -1.46274204e-01 -8.66669332e-01 -4.76956231e-01 6.83796633e+02
7.52861999e-01 -3.10998381e-01 5.80067176e-01 -7.70982020e+02 -1.83645900e-01 7.47062538e-01 6.38883292e-01 -3.77578950e+02 -6.32038233e-01 -5.87517839e-01 5.05321243e-01 6.79510351e+02
-8.18954277e-02 8.14235065e-01 5.74729344e-01 -7.79530033e+02 3.86753112e-01 5.57440149e-01 -7.34631162e-01 -3.69784191e+02 -9.18539442e-01 1.62115237e-01 -3.60559677e-01 6.89054734e+02
4.43803630e-01 5.47898167e-01 -7.09116161e-01 -7.71405986e+02 8.82782576e-01 -4.03345413e-01 2.40849163e-01 -3.77497764e+02 -1.54057998e-01 -7.32884881e-01 -6.62680751e-01 7.00043523e+02
8.60461598e-01 -3.89027119e-01 3.29033880e-01 -7.79823137e+02 -6.97532185e-02 5.49757218e-01 8.32407400e-01 -3.89834844e+02 -5.04717816e-01 -7.39205552e-01 4.45908797e-01 6.96632099e+02
-9.49535054e-02 6.33502739e-01 7.67891719e-01 -7.91673278e+02 2.13184465e-01 7.66422172e-01 -6.05929235e-01 -3.82530131e+02 -9.72386696e-01 1.06167223e-01 -2.07827442e-01 7.03954136e+02
2.80896875e-01 7.03517548e-01 -6.52808838e-01 -7.83934796e+02 9.26052037e-01 -3.77308455e-01 -8.14617801e-03 -3.85939877e+02 -2.52041452e-01 -6.02246750e-01 -7.57478384e-01 7.17091099e+02
9.09337372e-01 -4.00249035e-01 1.13602563e-01 -7.88383012e+02 4.97738540e-02 3.75735723e-01 9.25389519e-01 -4.00340099e+02 -4.13070892e-01 -8.35836703e-01 3.61592188e-01 7.14437426e+02
-3.70346635e-02 4.63704488e-01 8.85215348e-01 -8.02100981e+02 9.26047963e-02 8.83604324e-01 -4.58986337e-01 -3.95255196e+02 -9.95013886e-01 6.49764151e-02 -7.56653536e-02 7.19190430e+02
1.83615540e-01 8.16712015e-01 -5.47052193e-01 -7.95473924e+02 9.30351614e-01 -3.24067263e-01 -1.71542256e-01 -3.95550416e+02 -3.17382630e-01 -4.77453183e-01 -8.19332826e-01 7.33017754e+02
9.50824616e-01 -3.07625226e-01 3.60391213e-02 -7.99596454e+02 4.09478138e-02 2.40185799e-01 9.69863287e-01 -4.10028089e+02 -3.07010704e-01 -9.20693894e-01 2.40970780e-01 7.31548550e+02
-4.86620928e-02 3.61050633e-01 9.31275356e-01 -8.12713805e+02 6.89243680e-03 9.32479552e-01 -3.61157436e-01 -4.06078073e+02 -9.98791216e-01 -1.11562918e-02 -4.78651220e-02 7.35686698e+02
1.64382381e-01 8.94806469e-01 -4.15089244e-01 -8.08207973e+02 9.46594569e-01 -2.61435511e-01 -1.88708084e-01 -4.04879906e+02 -2.77376606e-01 -3.61901082e-01 -8.89994033e-01 7.49000132e+02
9.78860482e-01 -2.01370440e-01 -3.58033033e-02 -8.09194255e+02 6.74269739e-02 1.52451786e-01 9.86008585e-01 -4.21471289e+02 -1.93094944e-01 -9.67578600e-01 1.62806498e-01 7.48671716e+02
1.89693208e-02 2.95948046e-01 9.55015461e-01 -8.25512871e+02 -8.23984477e-02 9.52401352e-01 -2.93501260e-01 -4.18527022e+02 -9.96418863e-01 -7.31245794e-02 4.24519179e-02 7.49804969e+02
3.73893244e-02 9.69490952e-01 -2.42257699e-01 -8.24082068e+02 9.89344376e-01 -7.00494560e-02 -1.27638412e-01 -4.17395359e+02 -1.40714533e-01 -2.34904173e-01 -9.61779253e-01 7.64887027e+02
9.98301782e-01 -3.69880621e-03 5.81296796e-02 -8.24051463e+02 -5.82441142e-02 -7.37922975e-02 9.95571517e-01 -4.30660390e+02 6.06801854e-04 -9.97266467e-01 -7.38826871e-02 7.67993028e+02
1.20930778e-02 1.31178408e-01 9.91284725e-01 -8.38032618e+02 -2.70638042e-01 9.54785303e-01 -1.23046736e-01 -4.31349840e+02 -9.62604961e-01 -2.66791551e-01 4.70478542e-02 7.66753115e+02
-1.35148830e-01 9.73535620e-01 -1.84289350e-01 -8.37899581e+02 9.45560991e-01 7.11489952e-02 -3.17573016e-01 -4.26456135e+02 -2.96056705e-01 -2.17176683e-01 -9.30152824e-01 7.81101361e+02
9.80390633e-01 1.26584052e-01 -1.51028337e-01 -8.35531985e+02 1.68927771e-01 -1.45215000e-01 9.74872290e-01 -4.40550196e+02 1.01471451e-01 -9.81268667e-01 -1.63751130e-01 7.86399364e+02
3.82838248e-02 -1.96561539e-01 9.79743202e-01 -8.48137003e+02 -4.86863864e-01 8.52547911e-01 1.90067283e-01 -4.46586056e+02 -8.72637983e-01 -4.84278188e-01 -6.30602875e-02 7.86699521e+02
